181.0 58.92 15.04 
1.0 803.19 10.97 
0.0 0.0 0.0 
497.0 29.56 8.84 
0.0 0.0 0.0 
497.0 10.43 8.16 
0.0 0.0 0.0 
0.0 0.0 0.0 
0.0 0.0 0.0 
0.0 0.0 0.0 
0.0 0.0 0.0 
536.0 14.04 17.43 
0.0 0.0 0.0 
0.0 0.0 0.0 
536.0 15.62 15.93 
0.0 0.0 0.0 
172.0 2.98 9.57 
0.0 0.0 0.0 
0.0 0.0 0.0 
0.0 0.0 0.0 
0.0 0.0 0.0 
197.0 81.6 21.72 
0.0 0.0 0.0 
0.0 0.0 0.0 
0.0 0.0 0.0 
0.0 0.0 0.0 
1.0 1164.01 11.65 
0.0 0.0 0.0 
0.0 0.0 0.0 
181.0 101.39 16.19 
0.0 0.0 0.0 
0.0 0.0 0.0 
0.0 0.0 0.0 
197.0 106.71 21.2 
0.0 0.0 0.0 
0.0 0.0 0.0 
0.0 0.0 0.0 
0.0 0.0 0.0 
0.0 0.0 0.0 
1.0 1164.01 11.65 
0.0 0.0 0.0 
0.0 0.0 0.0 
40.0 25.08 10.97 
0.0 0.0 0.0 
0.0 0.0 0.0 
0.0 0.0 0.0 
0.0 0.0 0.0 
0.0 0.0 0.0 
40.0 11.78 12.07 
0.0 0.0 0.0 
0.0 0.0 0.0 
0.0 0.0 0.0 
1.0 1164.01 11.65 
0.0 0.0 0.0 
181.0 101.39 16.19 
0.0 0.0 0.0 
0.0 0.0 0.0 
0.0 0.0 0.0 
1.0 1164.01 11.65 
0.0 0.0 0.0 
0.0 0.0 0.0 
0.0 0.0 0.0 
0.0 0.0 0.0 
0.0 0.0 0.0 
0.0 0.0 0.0 
0.0 0.0 0.0 
0.0 0.0 0.0 
172.0 46.09 0.0 
0.0 0.0 0.0 
0.0 0.0 0.0 
0.0 0.0 0.0 
1.0 1164.01 11.65 
0.0 0.0 0.0 
0.0 0.0 0.0 
0.0 0.0 0.0 
0.0 0.0 0.0 
0.0 0.0 0.0 
462.0 13.12 7.01 
0.0 0.0 0.0 
43.0 174.75 11.47 
0.0 0.0 0.0 
43.0 203.73 10.36 
0.0 0.0 0.0 
0.0 0.0 0.0 
462.0 79.23 11.49 
0.0 0.0 0.0 
0.0 0.0 0.0 
0.0 0.0 0.0 
0.0 0.0 0.0 
8.0 25.38 10.62 
0.0 0.0 0.0 
0.0 0.0 0.0 
0.0 0.0 0.0 
0.0 0.0 0.0 
0.0 0.0 0.0 
8.0 4.96 8.21 
0.0 0.0 0.0 
0.0 0.0 0.0 
0.0 0.0 0.0 
