181.0 75.72 16.8 
1.0 814.8 11.61 
0.0 0.0 0.0 
497.0 38.59 9.04 
0.0 0.0 0.0 
497.0 19.77 9.34 
0.0 0.0 0.0 
0.0 0.0 0.0 
387.0 4.67 13.46 
0.0 0.0 0.0 
0.0 0.0 0.0 
536.0 31.4 17.35 
0.0 0.0 0.0 
0.0 0.0 0.0 
536.0 32.35 16.73 
0.0 0.0 0.0 
172.0 12.98 10.0 
387.0 15.33 13.78 
0.0 0.0 0.0 
0.0 0.0 0.0 
0.0 0.0 0.0 
197.0 105.65 24.05 
0.0 0.0 0.0 
0.0 0.0 0.0 
0.0 0.0 0.0 
0.0 0.0 0.0 
1.0 1176.13 12.12 
0.0 0.0 0.0 
0.0 0.0 0.0 
181.0 117.74 16.35 
0.0 0.0 0.0 
0.0 0.0 0.0 
0.0 0.0 0.0 
197.0 129.94 23.23 
0.0 0.0 0.0 
0.0 0.0 0.0 
0.0 0.0 0.0 
0.0 0.0 0.0 
0.0 0.0 0.0 
1.0 1176.13 12.12 
0.0 0.0 0.0 
0.0 0.0 0.0 
0.0 0.0 0.0 
0.0 0.0 0.0 
0.0 0.0 0.0 
0.0 0.0 0.0 
0.0 0.0 0.0 
0.0 0.0 0.0 
0.0 0.0 0.0 
0.0 0.0 0.0 
0.0 0.0 0.0 
0.0 0.0 0.0 
1.0 1176.13 12.12 
0.0 0.0 0.0 
181.0 117.74 16.35 
0.0 0.0 0.0 
0.0 0.0 0.0 
0.0 0.0 0.0 
1.0 1176.13 12.12 
0.0 0.0 0.0 
0.0 0.0 0.0 
0.0 0.0 0.0 
0.0 0.0 0.0 
0.0 0.0 0.0 
0.0 0.0 0.0 
0.0 0.0 0.0 
0.0 0.0 0.0 
172.0 46.09 0.0 
0.0 0.0 0.0 
0.0 0.0 0.0 
0.0 0.0 0.0 
1.0 1176.13 12.12 
0.0 0.0 0.0 
0.0 0.0 0.0 
342.0 22.44 3.03 
0.0 0.0 0.0 
0.0 0.0 0.0 
462.0 21.58 8.45 
0.0 0.0 0.0 
43.0 185.88 11.13 
0.0 0.0 0.0 
43.0 214.31 10.58 
0.0 0.0 0.0 
342.0 7.32 9.56 
462.0 89.86 10.63 
0.0 0.0 0.0 
0.0 0.0 0.0 
0.0 0.0 0.0 
0.0 0.0 0.0 
8.0 37.47 12.1 
0.0 0.0 0.0 
0.0 0.0 0.0 
0.0 0.0 0.0 
0.0 0.0 0.0 
0.0 0.0 0.0 
8.0 15.33 10.37 
0.0 0.0 0.0 
0.0 0.0 0.0 
0.0 0.0 0.0 
