181.0 127.44 17.61 
1.0 847.5 10.55 
0.0 0.0 0.0 
0.0 0.0 0.0 
0.0 0.0 0.0 
0.0 0.0 0.0 
0.0 0.0 0.0 
0.0 0.0 0.0 
387.0 43.81 12.54 
0.0 0.0 0.0 
0.0 0.0 0.0 
162.0 7.55 16.57 
0.0 0.0 0.0 
0.0 0.0 0.0 
162.0 5.11 16.03 
0.0 0.0 0.0 
172.0 37.28 5.75 
387.0 57.62 14.14 
0.0 0.0 0.0 
0.0 0.0 0.0 
0.0 0.0 0.0 
0.0 0.0 0.0 
0.0 0.0 0.0 
146.0 35.57 2.26 
0.0 0.0 0.0 
0.0 0.0 0.0 
1.0 1211.95 12.04 
0.0 0.0 0.0 
146.0 13.67 10.58 
181.0 166.29 16.53 
0.0 0.0 0.0 
0.0 0.0 0.0 
0.0 0.0 0.0 
0.0 0.0 0.0 
0.0 0.0 0.0 
0.0 0.0 0.0 
0.0 0.0 0.0 
0.0 0.0 0.0 
0.0 0.0 0.0 
1.0 1211.95 12.04 
0.0 0.0 0.0 
0.0 0.0 0.0 
0.0 0.0 0.0 
0.0 0.0 0.0 
0.0 0.0 0.0 
343.0 0.21 11.64 
0.0 0.0 0.0 
0.0 0.0 0.0 
0.0 0.0 0.0 
0.0 0.0 0.0 
0.0 0.0 0.0 
0.0 0.0 0.0 
1.0 1211.95 12.04 
0.0 0.0 0.0 
181.0 166.29 16.53 
0.0 0.0 0.0 
343.0 19.36 0.0 
0.0 0.0 0.0 
1.0 1211.95 12.04 
0.0 0.0 0.0 
0.0 0.0 0.0 
0.0 0.0 0.0 
0.0 0.0 0.0 
0.0 0.0 0.0 
0.0 0.0 0.0 
0.0 0.0 0.0 
0.0 0.0 0.0 
172.0 46.09 0.0 
0.0 0.0 0.0 
0.0 0.0 0.0 
0.0 0.0 0.0 
1.0 1211.95 12.04 
0.0 0.0 0.0 
0.0 0.0 0.0 
342.0 23.43 0.01 
0.0 0.0 0.0 
0.0 0.0 0.0 
0.0 0.0 0.0 
0.0 0.0 0.0 
0.0 0.0 0.0 
0.0 0.0 0.0 
0.0 0.0 0.0 
0.0 0.0 0.0 
342.0 15.79 0.61 
0.0 0.0 0.0 
0.0 0.0 0.0 
0.0 0.0 0.0 
0.0 0.0 0.0 
0.0 0.0 0.0 
0.0 0.0 0.0 
0.0 0.0 0.0 
0.0 0.0 0.0 
0.0 0.0 0.0 
0.0 0.0 0.0 
0.0 0.0 0.0 
0.0 0.0 0.0 
0.0 0.0 0.0 
0.0 0.0 0.0 
0.0 0.0 0.0 
