0.0 0.0 0.0 
1.0 858.93 11.42 
0.0 0.0 0.0 
573.0 20.83 9.09 
0.0 0.0 0.0 
573.0 2.51 8.87 
0.0 0.0 0.0 
0.0 0.0 0.0 
387.0 56.94 13.13 
0.0 0.0 0.0 
0.0 0.0 0.0 
162.0 24.06 16.51 
0.0 0.0 0.0 
0.0 0.0 0.0 
162.0 21.54 16.43 
0.0 0.0 0.0 
172.0 38.53 1.25 
387.0 71.63 14.02 
0.0 0.0 0.0 
0.0 0.0 0.0 
0.0 0.0 0.0 
0.0 0.0 0.0 
0.0 0.0 0.0 
146.0 36.29 0.72 
0.0 0.0 0.0 
0.0 0.0 0.0 
1.0 1224.16 12.21 
0.0 0.0 0.0 
146.0 22.93 9.26 
181.0 113.75 16.6 
0.0 0.0 0.0 
0.0 0.0 0.0 
0.0 0.0 0.0 
0.0 0.0 0.0 
0.0 0.0 0.0 
0.0 0.0 0.0 
0.0 0.0 0.0 
0.0 0.0 0.0 
0.0 0.0 0.0 
1.0 1224.16 12.21 
0.0 0.0 0.0 
0.0 0.0 0.0 
73.0 17.65 10.78 
0.0 0.0 0.0 
0.0 0.0 0.0 
343.0 8.26 8.06 
0.0 0.0 0.0 
0.0 0.0 0.0 
73.0 9.17 12.28 
0.0 0.0 0.0 
0.0 0.0 0.0 
0.0 0.0 0.0 
1.0 1224.16 12.21 
0.0 0.0 0.0 
181.0 144.27 16.83 
0.0 0.0 0.0 
343.0 19.36 0.0 
0.0 0.0 0.0 
1.0 1224.16 12.21 
0.0 0.0 0.0 
0.0 0.0 0.0 
0.0 0.0 0.0 
0.0 0.0 0.0 
0.0 0.0 0.0 
0.0 0.0 0.0 
0.0 0.0 0.0 
0.0 0.0 0.0 
172.0 46.09 0.0 
0.0 0.0 0.0 
0.0 0.0 0.0 
0.0 0.0 0.0 
1.0 1224.16 12.21 
0.0 0.0 0.0 
0.0 0.0 0.0 
342.0 23.44 0.01 
0.0 0.0 0.0 
0.0 0.0 0.0 
0.0 0.0 0.0 
0.0 0.0 0.0 
0.0 0.0 0.0 
0.0 0.0 0.0 
0.0 0.0 0.0 
0.0 0.0 0.0 
342.0 15.92 0.13 
0.0 0.0 0.0 
0.0 0.0 0.0 
0.0 0.0 0.0 
0.0 0.0 0.0 
0.0 0.0 0.0 
14.0 34.61 14.16 
0.0 0.0 0.0 
0.0 0.0 0.0 
0.0 0.0 0.0 
0.0 0.0 0.0 
0.0 0.0 0.0 
14.0 7.18 13.35 
0.0 0.0 0.0 
0.0 0.0 0.0 
0.0 0.0 0.0 
