0.0 0.0 0.0 
1.0 869.9 10.97 
0.0 0.0 0.0 
573.0 29.46 8.63 
0.0 0.0 0.0 
573.0 11.27 8.76 
0.0 0.0 0.0 
0.0 0.0 0.0 
387.0 70.28 13.34 
0.0 0.0 0.0 
0.0 0.0 0.0 
162.0 41.42 17.36 
0.0 0.0 0.0 
0.0 0.0 0.0 
162.0 38.33 16.79 
0.0 0.0 0.0 
172.0 38.56 0.03 
387.0 86.23 14.59 
0.0 0.0 0.0 
0.0 0.0 0.0 
0.0 0.0 0.0 
0.0 0.0 0.0 
0.0 0.0 0.0 
146.0 36.39 0.09 
0.0 0.0 0.0 
0.0 0.0 0.0 
1.0 1235.88 11.71 
0.0 0.0 0.0 
146.0 27.7 4.77 
181.0 130.23 16.48 
0.0 0.0 0.0 
0.0 0.0 0.0 
162.0 41.42 17.36 
0.0 0.0 0.0 
0.0 0.0 0.0 
0.0 0.0 0.0 
0.0 0.0 0.0 
0.0 0.0 0.0 
0.0 0.0 0.0 
1.0 1235.88 11.71 
0.0 0.0 0.0 
0.0 0.0 0.0 
73.0 28.76 11.1 
0.0 0.0 0.0 
0.0 0.0 0.0 
343.0 11.82 3.56 
0.0 0.0 0.0 
0.0 0.0 0.0 
73.0 21.69 12.52 
0.0 0.0 0.0 
0.0 0.0 0.0 
0.0 0.0 0.0 
1.0 1235.88 11.71 
0.0 0.0 0.0 
181.0 161.48 17.21 
0.0 0.0 0.0 
343.0 19.36 0.0 
0.0 0.0 0.0 
1.0 1235.88 11.71 
0.0 0.0 0.0 
0.0 0.0 0.0 
0.0 0.0 0.0 
0.0 0.0 0.0 
0.0 0.0 0.0 
0.0 0.0 0.0 
0.0 0.0 0.0 
0.0 0.0 0.0 
172.0 46.09 0.0 
0.0 0.0 0.0 
0.0 0.0 0.0 
0.0 0.0 0.0 
1.0 1235.88 11.71 
0.0 0.0 0.0 
0.0 0.0 0.0 
342.0 23.44 0.0 
0.0 0.0 0.0 
0.0 0.0 0.0 
0.0 0.0 0.0 
0.0 0.0 0.0 
140.0 9.38 10.9 
0.0 0.0 0.0 
140.0 37.21 10.1 
0.0 0.0 0.0 
342.0 15.93 0.01 
0.0 0.0 0.0 
0.0 0.0 0.0 
0.0 0.0 0.0 
0.0 0.0 0.0 
0.0 0.0 0.0 
14.0 48.49 13.88 
0.0 0.0 0.0 
0.0 0.0 0.0 
0.0 0.0 0.0 
0.0 0.0 0.0 
0.0 0.0 0.0 
14.0 21.04 13.86 
0.0 0.0 0.0 
0.0 0.0 0.0 
0.0 0.0 0.0 
