260.0 0.41 16.95 
1.0 880.56 10.66 
0.0 0.0 0.0 
573.0 38.04 8.58 
0.0 0.0 0.0 
573.0 19.65 8.38 
0.0 0.0 0.0 
0.0 0.0 0.0 
387.0 83.97 13.69 
0.0 0.0 0.0 
0.0 0.0 0.0 
162.0 58.66 17.25 
0.0 0.0 0.0 
0.0 0.0 0.0 
162.0 55.06 16.73 
0.0 0.0 0.0 
172.0 38.58 0.02 
387.0 100.88 14.65 
0.0 0.0 0.0 
0.0 0.0 0.0 
0.0 0.0 0.0 
0.0 0.0 0.0 
0.0 0.0 0.0 
146.0 36.4 0.01 
0.0 2.14 4.68 
0.0 0.0 0.0 
1.0 1247.89 12.01 
577.0 6.06 6.8 
146.0 28.82 1.12 
260.0 36.95 15.97 
0.0 0.0 0.0 
0.0 0.0 0.0 
162.0 58.66 17.25 
0.0 0.0 0.0 
0.0 0.0 0.0 
0.0 0.0 0.0 
577.0 38.56 13.17 
582.0 1.0 9.22 
0.0 0.0 0.0 
1.0 1247.89 12.01 
0.0 0.0 0.0 
0.0 0.0 0.0 
0.0 0.0 0.0 
0.0 0.0 0.0 
0.0 0.0 0.0 
343.0 11.84 0.03 
0.0 0.0 0.0 
582.0 33.31 10.45 
0.0 0.0 0.0 
0.0 0.0 0.0 
0.0 0.0 0.0 
0.0 0.0 0.0 
1.0 1247.89 12.01 
0.0 0.0 0.0 
0.0 0.0 0.0 
0.0 0.0 0.0 
343.0 19.36 0.0 
0.0 0.0 0.0 
1.0 1247.89 12.01 
0.0 0.0 0.0 
0.0 0.0 0.0 
0.0 0.0 0.0 
0.0 0.0 0.0 
0.0 0.0 0.0 
0.0 0.0 0.0 
0.0 0.0 0.0 
0.0 159.84 13.62 
172.0 46.09 0.0 
0.0 0.0 0.0 
0.0 0.0 0.0 
0.0 0.0 0.0 
1.0 1247.89 12.01 
0.0 0.0 0.0 
0.0 0.0 0.0 
342.0 23.44 0.0 
0.0 0.0 0.0 
0.0 0.0 0.0 
0.0 0.0 0.0 
0.0 0.0 0.0 
140.0 20.14 10.75 
0.0 0.0 0.0 
140.0 47.53 10.32 
0.0 0.0 0.0 
342.0 15.94 0.01 
0.0 0.0 0.0 
0.0 0.0 0.0 
0.0 0.0 0.0 
0.0 0.0 0.0 
0.0 0.0 0.0 
14.0 62.63 14.13 
0.0 0.0 0.0 
0.0 0.0 0.0 
0.0 0.0 0.0 
0.0 0.0 0.0 
0.0 0.0 0.0 
14.0 34.22 13.19 
0.0 0.0 0.0 
0.0 0.0 0.0 
0.0 0.0 0.0 
