0.0 0.0 0.0 
1.0 891.11 10.54 
0.0 0.0 0.0 
573.0 46.08 8.04 
0.0 0.0 0.0 
573.0 28.07 8.41 
0.0 0.0 0.0 
0.0 0.0 0.0 
0.0 0.0 0.0 
0.0 0.0 0.0 
0.0 0.0 0.0 
162.0 42.8 17.0 
0.0 0.0 0.0 
0.0 0.0 0.0 
0.0 0.0 0.0 
0.0 0.0 0.0 
172.0 38.59 0.0 
0.0 0.0 0.0 
0.0 0.0 0.0 
0.0 0.0 0.0 
0.0 0.0 0.0 
0.0 0.0 0.0 
0.0 0.0 0.0 
146.0 36.4 0.01 
0.0 8.84 6.7 
0.0 0.0 0.0 
1.0 1260.37 12.47 
577.0 15.31 9.25 
146.0 28.89 0.07 
0.0 0.0 0.0 
0.0 0.0 0.0 
0.0 0.0 0.0 
162.0 72.13 17.06 
0.0 0.0 0.0 
0.0 0.0 0.0 
0.0 0.0 0.0 
577.0 53.45 14.89 
582.0 11.26 10.26 
0.0 0.0 0.0 
1.0 1260.37 12.47 
0.0 0.0 0.0 
0.0 0.0 0.0 
101.0 14.17 11.84 
0.0 0.0 0.0 
0.0 0.0 0.0 
343.0 11.85 0.01 
0.0 0.0 0.0 
582.0 43.7 10.39 
101.0 7.98 11.77 
0.0 0.0 0.0 
0.0 0.0 0.0 
0.0 0.0 0.0 
1.0 1260.37 12.47 
0.0 0.0 0.0 
0.0 0.0 0.0 
0.0 0.0 0.0 
343.0 19.36 0.0 
0.0 0.0 0.0 
1.0 1260.37 12.47 
0.0 0.0 0.0 
180.0 2.38 10.71 
0.0 0.0 0.0 
0.0 0.0 0.0 
0.0 0.0 0.0 
0.0 0.0 0.0 
0.0 0.0 0.0 
0.0 172.46 12.62 
172.0 46.09 0.0 
0.0 0.0 0.0 
180.0 28.65 0.0 
0.0 0.0 0.0 
1.0 1260.37 12.47 
0.0 0.0 0.0 
0.0 0.0 0.0 
342.0 23.44 0.0 
0.0 0.0 0.0 
0.0 0.0 0.0 
0.0 0.0 0.0 
0.0 0.0 0.0 
140.0 30.72 10.59 
0.0 0.0 0.0 
140.0 54.65 7.12 
0.0 0.0 0.0 
342.0 15.94 0.0 
0.0 0.0 0.0 
0.0 0.0 0.0 
0.0 0.0 0.0 
0.0 0.0 0.0 
0.0 0.0 0.0 
0.0 0.0 0.0 
0.0 0.0 0.0 
0.0 0.0 0.0 
0.0 0.0 0.0 
0.0 0.0 0.0 
0.0 0.0 0.0 
0.0 0.0 0.0 
0.0 0.0 0.0 
0.0 0.0 0.0 
0.0 0.0 0.0 
