0.0 0.0 0.0 
1.0 912.27 10.63 
0.0 0.0 0.0 
573.0 62.88 8.79 
0.0 0.0 0.0 
573.0 44.87 7.96 
0.0 0.0 0.0 
0.0 0.0 0.0 
438.0 1.43 12.81 
0.0 0.0 0.0 
0.0 0.0 0.0 
194.0 28.71 16.78 
0.0 0.0 0.0 
0.0 0.0 0.0 
194.0 23.68 15.91 
0.0 0.0 0.0 
172.0 38.59 0.0 
438.0 21.99 14.61 
0.0 0.0 0.0 
0.0 0.0 0.0 
0.0 0.0 0.0 
0.0 0.0 0.0 
0.0 0.0 0.0 
146.0 36.41 0.0 
0.0 28.94 10.94 
0.0 0.0 0.0 
1.0 1284.85 12.02 
577.0 38.19 12.13 
146.0 28.9 0.0 
0.0 0.0 0.0 
0.0 0.0 0.0 
0.0 0.0 0.0 
0.0 0.0 0.0 
0.0 0.0 0.0 
0.0 0.0 0.0 
0.0 0.0 0.0 
577.0 88.26 18.18 
0.0 0.0 0.0 
0.0 0.0 0.0 
1.0 1284.85 12.02 
0.0 0.0 0.0 
0.0 0.0 0.0 
101.0 36.54 11.52 
0.0 0.0 0.0 
0.0 0.0 0.0 
343.0 11.86 0.0 
0.0 0.0 0.0 
0.0 0.0 0.0 
101.0 32.31 11.83 
0.0 0.0 0.0 
0.0 0.0 0.0 
0.0 0.0 0.0 
1.0 1284.85 12.02 
0.0 0.0 0.0 
0.0 0.0 0.0 
0.0 0.0 0.0 
343.0 19.36 0.0 
0.0 0.0 0.0 
1.0 1284.85 12.02 
0.0 0.0 0.0 
180.0 17.79 5.46 
0.0 0.0 0.0 
0.0 0.0 0.0 
0.0 0.0 0.0 
0.0 0.0 0.0 
0.0 0.0 0.0 
0.0 199.22 13.75 
172.0 46.09 0.0 
0.0 0.0 0.0 
180.0 28.65 0.0 
0.0 0.0 0.0 
1.0 1284.85 12.02 
0.0 0.0 0.0 
0.0 0.0 0.0 
342.0 23.44 0.0 
0.0 0.0 0.0 
0.0 0.0 0.0 
0.0 0.0 0.0 
0.0 0.0 0.0 
0.0 0.0 0.0 
0.0 0.0 0.0 
0.0 0.0 0.0 
0.0 0.0 0.0 
342.0 15.94 0.0 
0.0 0.0 0.0 
0.0 0.0 0.0 
0.0 0.0 0.0 
0.0 0.0 0.0 
0.0 0.0 0.0 
32.0 28.72 10.27 
0.0 0.0 0.0 
0.0 0.0 0.0 
0.0 0.0 0.0 
0.0 0.0 0.0 
0.0 0.0 0.0 
32.0 0.59 13.42 
0.0 0.0 0.0 
0.0 0.0 0.0 
0.0 0.0 0.0 
