0.0 0.0 0.0 
1.0 923.94 11.67 
0.0 0.0 0.0 
0.0 0.0 0.0 
0.0 0.0 0.0 
0.0 0.0 0.0 
0.0 0.0 0.0 
0.0 0.0 0.0 
438.0 14.87 13.44 
0.0 0.0 0.0 
0.0 0.0 0.0 
194.0 45.0 16.28 
0.0 0.0 0.0 
0.0 0.0 0.0 
194.0 13.26 16.4 
0.0 0.0 0.0 
172.0 38.59 0.0 
438.0 35.54 13.55 
0.0 0.0 0.0 
0.0 0.0 0.0 
0.0 0.0 0.0 
0.0 0.0 0.0 
0.0 0.0 0.0 
146.0 36.41 0.0 
0.0 41.76 12.81 
0.0 0.0 0.0 
1.0 1296.16 11.3 
0.0 0.0 0.0 
146.0 28.91 0.0 
0.0 0.0 0.0 
0.0 0.0 0.0 
0.0 0.0 0.0 
194.0 45.0 16.28 
0.0 0.0 0.0 
0.0 0.0 0.0 
0.0 0.0 0.0 
0.0 0.0 0.0 
0.0 0.0 0.0 
0.0 0.0 0.0 
1.0 1296.16 11.3 
0.0 0.0 0.0 
0.0 0.0 0.0 
101.0 48.25 11.71 
0.0 0.0 0.0 
0.0 0.0 0.0 
343.0 11.86 0.0 
0.0 0.0 0.0 
0.0 0.0 0.0 
101.0 45.07 12.77 
0.0 0.0 0.0 
0.0 0.0 0.0 
0.0 0.0 0.0 
1.0 1296.16 11.3 
0.0 0.0 0.0 
0.0 0.0 0.0 
0.0 0.0 0.0 
343.0 19.36 0.0 
0.0 0.0 0.0 
1.0 1296.16 11.3 
0.0 0.0 0.0 
180.0 20.19 2.4 
0.0 0.0 0.0 
0.0 0.0 0.0 
0.0 0.0 0.0 
0.0 0.0 0.0 
0.0 0.0 0.0 
0.0 212.0 12.78 
172.0 46.09 0.0 
0.0 0.0 0.0 
180.0 28.65 0.0 
0.0 0.0 0.0 
1.0 1296.16 11.3 
0.0 0.0 0.0 
0.0 0.0 0.0 
342.0 23.44 0.0 
0.0 0.0 0.0 
0.0 0.0 0.0 
53.0 0.1 8.71 
0.0 0.0 0.0 
0.0 0.0 0.0 
0.0 0.0 0.0 
0.0 0.0 0.0 
0.0 0.0 0.0 
342.0 15.94 0.0 
53.0 77.39 11.08 
0.0 0.0 0.0 
0.0 0.0 0.0 
0.0 0.0 0.0 
0.0 0.0 0.0 
32.0 35.34 6.62 
0.0 0.0 0.0 
0.0 0.0 0.0 
0.0 0.0 0.0 
0.0 0.0 0.0 
0.0 0.0 0.0 
32.0 14.04 13.46 
0.0 0.0 0.0 
0.0 0.0 0.0 
0.0 0.0 0.0 
