432.0 5.59 16.87 
1.0 934.95 11.01 
0.0 0.0 0.0 
0.0 0.0 0.0 
0.0 0.0 0.0 
0.0 0.0 0.0 
0.0 0.0 0.0 
0.0 0.0 0.0 
438.0 28.14 13.26 
0.0 0.0 0.0 
0.0 0.0 0.0 
194.0 30.66 17.4 
0.0 0.0 0.0 
0.0 0.0 0.0 
0.0 0.0 0.0 
0.0 0.0 0.0 
172.0 38.59 0.0 
438.0 46.42 10.88 
0.0 0.0 0.0 
0.0 0.0 0.0 
620.0 2.08 5.93 
0.0 0.0 0.0 
0.0 0.0 0.0 
146.0 36.41 0.0 
0.0 55.16 13.41 
620.0 12.34 0.17 
1.0 1307.7 11.54 
0.0 0.0 0.0 
146.0 28.91 0.0 
432.0 36.69 15.89 
0.0 0.0 0.0 
0.0 0.0 0.0 
194.0 55.32 15.78 
0.0 0.0 0.0 
0.0 0.0 0.0 
0.0 0.0 0.0 
0.0 0.0 0.0 
0.0 0.0 0.0 
0.0 0.0 0.0 
1.0 1307.7 11.54 
0.0 0.0 0.0 
0.0 0.0 0.0 
101.0 59.85 11.6 
0.0 0.0 0.0 
0.0 0.0 0.0 
343.0 11.86 0.0 
0.0 0.0 0.0 
0.0 0.0 0.0 
101.0 55.9 10.82 
0.0 0.0 0.0 
0.0 0.0 0.0 
0.0 0.0 0.0 
1.0 1307.7 11.54 
0.0 0.0 0.0 
0.0 0.0 0.0 
0.0 0.0 0.0 
343.0 19.36 0.0 
0.0 0.0 0.0 
1.0 1307.7 11.54 
0.0 0.0 0.0 
180.0 20.83 0.63 
0.0 0.0 0.0 
0.0 0.0 0.0 
0.0 0.0 0.0 
0.0 0.0 0.0 
0.0 0.0 0.0 
0.0 225.07 13.07 
172.0 46.09 0.0 
0.0 0.0 0.0 
180.0 28.65 0.0 
0.0 0.0 0.0 
1.0 1307.7 11.54 
0.0 0.0 0.0 
0.0 0.0 0.0 
342.0 23.44 0.0 
0.0 0.0 0.0 
0.0 0.0 0.0 
53.0 10.74 10.65 
0.0 0.0 0.0 
0.0 0.0 0.0 
0.0 0.0 0.0 
0.0 0.0 0.0 
0.0 0.0 0.0 
342.0 15.94 0.0 
53.0 88.6 11.21 
0.0 0.0 0.0 
0.0 0.0 0.0 
0.0 0.0 0.0 
0.0 0.0 0.0 
0.0 0.0 0.0 
0.0 0.0 0.0 
0.0 0.0 0.0 
0.0 0.0 0.0 
0.0 0.0 0.0 
0.0 0.0 0.0 
0.0 0.0 0.0 
0.0 0.0 0.0 
0.0 0.0 0.0 
0.0 0.0 0.0 
