432.0 22.44 16.85 
1.0 946.23 11.27 
0.0 0.0 0.0 
0.0 0.0 0.0 
0.0 0.0 0.0 
0.0 0.0 0.0 
0.0 0.0 0.0 
0.0 0.0 0.0 
438.0 41.83 13.7 
0.0 0.0 0.0 
0.0 0.0 0.0 
241.0 200.28 15.79 
0.0 0.0 0.0 
0.0 0.0 0.0 
241.0 200.28 15.79 
0.0 0.0 0.0 
172.0 38.59 0.0 
438.0 52.81 6.38 
0.0 0.0 0.0 
0.0 0.0 0.0 
620.0 4.39 2.31 
0.0 0.0 0.0 
0.0 0.0 0.0 
146.0 36.41 0.0 
0.0 67.88 12.72 
620.0 12.34 0.0 
1.0 1319.09 11.39 
0.0 0.0 0.0 
146.0 28.91 0.0 
432.0 53.17 16.48 
0.0 0.0 0.0 
0.0 0.0 0.0 
0.0 0.0 0.0 
0.0 0.0 0.0 
0.0 0.0 0.0 
0.0 0.0 0.0 
0.0 0.0 0.0 
404.0 7.12 9.91 
0.0 0.0 0.0 
1.0 1319.09 11.39 
0.0 0.0 0.0 
0.0 0.0 0.0 
0.0 0.0 0.0 
0.0 0.0 0.0 
0.0 0.0 0.0 
343.0 11.86 0.0 
0.0 0.0 0.0 
404.0 34.98 8.41 
0.0 0.0 0.0 
0.0 0.0 0.0 
0.0 0.0 0.0 
0.0 0.0 0.0 
1.0 1319.09 11.39 
0.0 0.0 0.0 
0.0 0.0 0.0 
0.0 0.0 0.0 
343.0 19.36 0.0 
0.0 0.0 0.0 
1.0 1319.09 11.39 
0.0 0.0 0.0 
180.0 21.08 0.26 
0.0 0.0 0.0 
0.0 0.0 0.0 
0.0 0.0 0.0 
0.0 0.0 0.0 
0.0 0.0 0.0 
0.0 238.04 12.97 
172.0 46.09 0.0 
0.0 0.0 0.0 
180.0 28.65 0.0 
0.0 0.0 0.0 
1.0 1319.09 11.39 
0.0 0.0 0.0 
0.0 0.0 0.0 
342.0 23.44 0.0 
0.0 0.0 0.0 
0.0 0.0 0.0 
53.0 20.48 9.73 
0.0 0.0 0.0 
108.0 1.64 6.83 
0.0 0.0 0.0 
108.0 23.92 10.05 
0.0 0.0 0.0 
342.0 15.94 0.0 
53.0 99.33 10.73 
0.0 0.0 0.0 
0.0 0.0 0.0 
0.0 0.0 0.0 
0.0 0.0 0.0 
0.0 0.0 0.0 
0.0 0.0 0.0 
0.0 0.0 0.0 
0.0 0.0 0.0 
0.0 0.0 0.0 
0.0 0.0 0.0 
0.0 0.0 0.0 
0.0 0.0 0.0 
241.0 7.63 16.9 
0.0 0.0 0.0 
