432.0 38.85 16.41 
1.0 957.92 11.7 
0.0 0.0 0.0 
650.0 25.25 8.51 
0.0 0.0 0.0 
650.0 6.66 8.44 
0.0 0.0 0.0 
0.0 0.0 0.0 
438.0 51.16 9.33 
0.0 0.0 0.0 
0.0 0.0 0.0 
241.0 211.96 11.68 
0.0 0.0 0.0 
0.0 0.0 0.0 
241.0 211.96 11.68 
0.0 0.0 0.0 
172.0 38.59 0.0 
438.0 54.69 1.88 
0.0 0.0 0.0 
0.0 0.0 0.0 
620.0 4.75 0.36 
0.0 0.0 0.0 
0.0 0.0 0.0 
146.0 36.41 0.0 
0.0 0.0 0.0 
620.0 12.34 0.0 
1.0 1331.37 12.28 
0.0 0.0 0.0 
146.0 28.91 0.0 
432.0 69.69 16.52 
0.0 0.0 0.0 
0.0 0.0 0.0 
0.0 0.0 0.0 
0.0 0.0 0.0 
0.0 0.0 0.0 
0.0 0.0 0.0 
0.0 0.0 0.0 
404.0 17.63 10.51 
0.0 0.0 0.0 
1.0 1331.37 12.28 
0.0 0.0 0.0 
0.0 0.0 0.0 
0.0 0.0 0.0 
0.0 0.0 0.0 
0.0 0.0 0.0 
343.0 11.86 0.0 
0.0 0.0 0.0 
404.0 38.91 3.93 
0.0 0.0 0.0 
0.0 0.0 0.0 
0.0 0.0 0.0 
0.0 0.0 0.0 
1.0 1331.37 12.28 
0.0 0.0 0.0 
0.0 0.0 0.0 
0.0 0.0 0.0 
343.0 19.36 0.0 
0.0 0.0 0.0 
1.0 1331.37 12.28 
0.0 0.0 0.0 
180.0 21.14 0.06 
0.0 0.0 0.0 
0.0 0.0 0.0 
0.0 0.0 0.0 
0.0 0.0 0.0 
0.0 0.0 0.0 
0.0 0.0 0.0 
172.0 46.09 0.0 
0.0 0.0 0.0 
180.0 28.65 0.0 
0.0 0.0 0.0 
1.0 1331.37 12.28 
0.0 0.0 0.0 
0.0 0.0 0.0 
342.0 23.44 0.0 
0.0 0.0 0.0 
0.0 0.0 0.0 
53.0 31.11 10.63 
0.0 0.0 0.0 
108.0 11.01 9.37 
0.0 0.0 0.0 
108.0 35.39 11.47 
0.0 0.0 0.0 
342.0 15.94 0.0 
53.0 108.49 9.17 
0.0 0.0 0.0 
0.0 0.0 0.0 
0.0 0.0 0.0 
0.0 0.0 0.0 
0.0 0.0 0.0 
0.0 0.0 0.0 
0.0 0.0 0.0 
0.0 0.0 0.0 
0.0 0.0 0.0 
0.0 0.0 0.0 
0.0 0.0 0.0 
0.0 0.0 0.0 
241.0 24.27 16.64 
0.0 0.0 0.0 
