432.0 55.97 17.12 
1.0 969.61 11.69 
0.0 0.0 0.0 
650.0 33.68 8.44 
0.0 0.0 0.0 
650.0 15.29 8.63 
0.0 0.0 0.0 
0.0 0.0 0.0 
438.0 56.04 4.88 
0.0 0.0 0.0 
0.0 0.0 0.0 
241.0 220.07 8.11 
0.0 0.0 0.0 
0.0 0.0 0.0 
241.0 220.07 8.11 
0.0 0.0 0.0 
172.0 38.59 0.0 
438.0 55.04 0.36 
0.0 0.0 0.0 
0.0 0.0 0.0 
620.0 4.83 0.08 
0.0 0.0 0.0 
0.0 0.0 0.0 
146.0 36.41 0.0 
0.0 0.0 0.0 
620.0 12.34 0.0 
1.0 1342.75 11.38 
0.0 0.0 0.0 
146.0 28.91 0.0 
432.0 85.92 16.23 
0.0 0.0 0.0 
0.0 0.0 0.0 
241.0 220.07 8.11 
0.0 0.0 0.0 
0.0 0.0 0.0 
0.0 0.0 0.0 
0.0 0.0 0.0 
0.0 0.0 0.0 
0.0 0.0 0.0 
1.0 1342.75 11.38 
0.0 0.0 0.0 
0.0 0.0 0.0 
0.0 0.0 0.0 
0.0 0.0 0.0 
0.0 0.0 0.0 
343.0 11.86 0.0 
0.0 0.0 0.0 
0.0 0.0 0.0 
0.0 0.0 0.0 
0.0 0.0 0.0 
0.0 0.0 0.0 
0.0 0.0 0.0 
1.0 1342.75 11.38 
0.0 0.0 0.0 
0.0 0.0 0.0 
0.0 0.0 0.0 
343.0 19.36 0.0 
0.0 0.0 0.0 
1.0 1342.75 11.38 
0.0 0.0 0.0 
180.0 21.15 0.01 
0.0 0.0 0.0 
0.0 0.0 0.0 
0.0 0.0 0.0 
0.0 0.0 0.0 
0.0 0.0 0.0 
0.0 0.0 0.0 
172.0 46.09 0.0 
0.0 0.0 0.0 
180.0 28.65 0.0 
0.0 0.0 0.0 
1.0 1342.75 11.38 
0.0 0.0 0.0 
0.0 0.0 0.0 
342.0 23.44 0.0 
0.0 0.0 0.0 
0.0 0.0 0.0 
53.0 40.8 9.69 
0.0 0.0 0.0 
108.0 22.65 11.64 
0.0 0.0 0.0 
108.0 48.82 13.42 
0.0 0.0 0.0 
342.0 15.94 0.0 
53.0 113.45 4.95 
0.0 0.0 0.0 
0.0 0.0 0.0 
0.0 0.0 0.0 
0.0 0.0 0.0 
0.0 0.0 0.0 
0.0 0.0 0.0 
0.0 0.0 0.0 
0.0 0.0 0.0 
0.0 0.0 0.0 
0.0 0.0 0.0 
0.0 0.0 0.0 
0.0 0.0 0.0 
241.0 41.18 16.91 
0.0 0.0 0.0 
