0.0 0.0 0.0 
1.0 980.23 10.62 
0.0 0.0 0.0 
650.0 42.63 8.95 
0.0 0.0 0.0 
650.0 23.48 8.19 
0.0 0.0 0.0 
0.0 0.0 0.0 
0.0 0.0 0.0 
0.0 0.0 0.0 
0.0 0.0 0.0 
241.0 58.31 17.14 
0.0 0.0 0.0 
0.0 0.0 0.0 
241.0 28.45 16.95 
0.0 0.0 0.0 
172.0 38.59 0.0 
0.0 0.0 0.0 
0.0 0.0 0.0 
0.0 0.0 0.0 
620.0 4.84 0.0 
0.0 0.0 0.0 
0.0 0.0 0.0 
146.0 36.41 0.0 
0.0 0.0 0.0 
620.0 12.34 0.0 
1.0 1355.33 12.58 
0.0 0.0 0.0 
146.0 28.91 0.0 
0.0 0.0 0.0 
0.0 0.0 0.0 
0.0 0.0 0.0 
241.0 58.31 17.14 
0.0 0.0 0.0 
0.0 0.0 0.0 
0.0 0.0 0.0 
0.0 0.0 0.0 
0.0 0.0 0.0 
0.0 0.0 0.0 
1.0 1355.33 12.58 
0.0 0.0 0.0 
0.0 0.0 0.0 
0.0 0.0 0.0 
0.0 0.0 0.0 
0.0 0.0 0.0 
343.0 11.86 0.0 
0.0 0.0 0.0 
0.0 0.0 0.0 
0.0 0.0 0.0 
0.0 0.0 0.0 
0.0 0.0 0.0 
0.0 0.0 0.0 
1.0 1355.33 12.58 
0.0 0.0 0.0 
0.0 0.0 0.0 
0.0 0.0 0.0 
343.0 19.36 0.0 
0.0 0.0 0.0 
1.0 1355.33 12.58 
343.0 19.36 0.0 
180.0 21.15 0.0 
0.0 0.0 0.0 
0.0 0.0 0.0 
0.0 0.0 0.0 
0.0 0.0 0.0 
0.0 0.0 0.0 
0.0 0.0 0.0 
172.0 46.09 0.0 
0.0 0.0 0.0 
180.0 28.65 0.0 
0.0 0.0 0.0 
1.0 1355.33 12.58 
0.0 0.0 0.0 
0.0 0.0 0.0 
342.0 23.44 0.0 
0.0 0.0 0.0 
0.0 0.0 0.0 
0.0 0.0 0.0 
0.0 0.0 0.0 
108.0 35.68 13.03 
0.0 0.0 0.0 
108.0 63.63 14.81 
0.0 0.0 0.0 
342.0 15.94 0.0 
0.0 0.0 0.0 
0.0 0.0 0.0 
0.0 0.0 0.0 
0.0 0.0 0.0 
0.0 0.0 0.0 
0.0 0.0 0.0 
0.0 0.0 0.0 
0.0 0.0 0.0 
0.0 0.0 0.0 
0.0 0.0 0.0 
0.0 0.0 0.0 
0.0 0.0 0.0 
0.0 0.0 0.0 
0.0 0.0 0.0 
0.0 0.0 0.0 
