0.0 0.0 0.0 
1.0 1012.61 10.55 
0.0 0.0 0.0 
650.0 70.15 9.28 
0.0 0.0 0.0 
650.0 50.87 8.95 
0.0 0.0 0.0 
0.0 0.0 0.0 
0.0 0.0 0.0 
0.0 0.0 0.0 
0.0 0.0 0.0 
241.0 108.7 16.56 
0.0 0.0 0.0 
0.0 0.0 0.0 
241.0 81.15 17.85 
0.0 0.0 0.0 
172.0 38.59 0.0 
0.0 0.0 0.0 
0.0 0.0 0.0 
0.0 0.0 0.0 
620.0 4.84 0.0 
0.0 0.0 0.0 
0.0 0.0 0.0 
146.0 36.41 0.0 
0.0 0.0 0.0 
620.0 12.34 0.0 
1.0 1390.92 11.29 
159.0 12.34 15.5 
146.0 28.91 0.0 
0.0 0.0 0.0 
0.0 0.0 0.0 
0.0 0.0 0.0 
241.0 108.7 16.56 
0.0 0.0 0.0 
0.0 0.0 0.0 
0.0 0.0 0.0 
159.0 53.79 13.27 
0.0 0.0 0.0 
0.0 0.0 0.0 
1.0 1390.92 11.29 
0.0 0.0 0.0 
0.0 0.0 0.0 
0.0 0.0 0.0 
0.0 0.0 0.0 
0.0 0.0 0.0 
343.0 11.86 0.0 
0.0 0.0 0.0 
0.0 0.0 0.0 
0.0 0.0 0.0 
0.0 0.0 0.0 
0.0 0.0 0.0 
0.0 0.0 0.0 
1.0 1390.92 11.29 
0.0 0.0 0.0 
0.0 0.0 0.0 
0.0 0.0 0.0 
343.0 19.36 0.0 
0.0 0.0 0.0 
1.0 1390.92 11.29 
343.0 19.36 0.0 
180.0 21.15 0.0 
0.0 0.0 0.0 
0.0 0.0 0.0 
0.0 0.0 0.0 
0.0 0.0 0.0 
0.0 0.0 0.0 
0.0 0.0 0.0 
172.0 46.09 0.0 
0.0 0.0 0.0 
180.0 28.65 0.0 
0.0 0.0 0.0 
1.0 1390.92 11.29 
0.0 0.0 0.0 
0.0 0.0 0.0 
342.0 23.44 0.0 
0.0 0.0 0.0 
0.0 0.0 0.0 
0.0 0.0 0.0 
0.0 0.0 0.0 
0.0 0.0 0.0 
0.0 0.0 0.0 
0.0 0.0 0.0 
0.0 0.0 0.0 
342.0 15.94 0.0 
0.0 0.0 0.0 
0.0 0.0 0.0 
0.0 0.0 0.0 
0.0 0.0 0.0 
0.0 0.0 0.0 
72.0 48.58 11.94 
0.0 0.0 0.0 
0.0 0.0 0.0 
342.0 23.44 0.0 
0.0 0.0 0.0 
0.0 0.0 0.0 
72.0 8.94 11.26 
0.0 0.0 0.0 
0.0 0.0 0.0 
0.0 0.0 0.0 
