0.0 0.0 0.0 
1.0 1023.69 11.09 
0.0 0.0 0.0 
650.0 79.32 9.17 
0.0 0.0 0.0 
650.0 59.93 9.06 
0.0 0.0 0.0 
0.0 0.0 0.0 
0.0 0.0 0.0 
0.0 0.0 0.0 
0.0 0.0 0.0 
241.0 125.95 17.24 
0.0 0.0 0.0 
0.0 0.0 0.0 
241.0 97.39 16.24 
0.0 0.0 0.0 
172.0 38.59 0.0 
0.0 0.0 0.0 
0.0 0.0 0.0 
0.0 0.0 0.0 
620.0 4.84 0.0 
0.0 0.0 0.0 
0.0 0.0 0.0 
146.0 36.41 0.0 
0.0 0.0 0.0 
620.0 12.34 0.0 
1.0 1402.24 11.32 
159.0 27.14 14.79 
146.0 28.91 0.0 
0.0 0.0 0.0 
0.0 0.0 0.0 
0.0 0.0 0.0 
241.0 125.95 17.24 
0.0 0.0 0.0 
0.0 0.0 0.0 
0.0 0.0 0.0 
159.0 67.39 13.6 
689.0 5.64 9.88 
0.0 0.0 0.0 
1.0 1402.24 11.32 
0.0 0.0 0.0 
0.0 0.0 0.0 
0.0 0.0 0.0 
0.0 0.0 0.0 
0.0 0.0 0.0 
0.0 0.0 0.0 
0.0 0.0 0.0 
689.0 36.58 10.75 
0.0 0.0 0.0 
0.0 0.0 0.0 
0.0 0.0 0.0 
0.0 0.0 0.0 
1.0 1402.24 11.32 
0.0 0.0 0.0 
0.0 0.0 0.0 
0.0 0.0 0.0 
343.0 4.36 0.0 
0.0 0.0 0.0 
1.0 1402.24 11.32 
343.0 11.86 0.0 
180.0 21.15 0.0 
0.0 0.0 0.0 
0.0 0.0 0.0 
0.0 0.0 0.0 
0.0 0.0 0.0 
0.0 0.0 0.0 
0.0 0.0 0.0 
172.0 46.09 0.0 
0.0 0.0 0.0 
180.0 28.65 0.0 
0.0 0.0 0.0 
1.0 1402.24 11.32 
0.0 0.0 0.0 
0.0 0.0 0.0 
342.0 23.44 0.0 
0.0 0.0 0.0 
0.0 0.0 0.0 
0.0 0.0 0.0 
0.0 0.0 0.0 
0.0 0.0 0.0 
0.0 0.0 0.0 
0.0 0.0 0.0 
0.0 0.0 0.0 
342.0 15.94 0.0 
0.0 0.0 0.0 
0.0 0.0 0.0 
0.0 0.0 0.0 
0.0 0.0 0.0 
0.0 0.0 0.0 
72.0 60.65 12.06 
0.0 0.0 0.0 
0.0 0.0 0.0 
342.0 23.44 0.0 
0.0 0.0 0.0 
0.0 0.0 0.0 
72.0 19.52 10.59 
0.0 0.0 0.0 
0.0 0.0 0.0 
0.0 0.0 0.0 
