560.0 12.43 15.94 
1.0 1035.24 11.55 
0.0 0.0 0.0 
650.0 87.91 8.58 
0.0 0.0 0.0 
650.0 69.06 9.13 
0.0 0.0 0.0 
0.0 0.0 0.0 
0.0 0.0 0.0 
0.0 0.0 0.0 
0.0 0.0 0.0 
241.0 143.46 17.51 
0.0 0.0 0.0 
0.0 0.0 0.0 
241.0 114.32 16.93 
0.0 0.0 0.0 
172.0 38.59 0.0 
0.0 0.0 0.0 
0.0 0.0 0.0 
0.0 0.0 0.0 
620.0 4.84 0.0 
0.0 0.0 0.0 
0.0 0.0 0.0 
146.0 36.41 0.0 
0.0 0.0 0.0 
620.0 12.34 0.0 
1.0 1413.99 11.75 
159.0 43.05 15.92 
146.0 28.91 0.0 
560.0 36.13 13.82 
0.0 0.0 0.0 
0.0 0.0 0.0 
241.0 143.46 17.51 
0.0 0.0 0.0 
0.0 0.0 0.0 
0.0 0.0 0.0 
159.0 80.99 13.6 
689.0 15.83 10.19 
0.0 0.0 0.0 
1.0 1413.99 11.75 
0.0 0.0 0.0 
0.0 0.0 0.0 
0.0 0.0 0.0 
0.0 0.0 0.0 
0.0 0.0 0.0 
0.0 0.0 0.0 
0.0 0.0 0.0 
689.0 46.61 10.02 
0.0 0.0 0.0 
0.0 0.0 0.0 
0.0 0.0 0.0 
0.0 0.0 0.0 
1.0 1413.99 11.75 
0.0 0.0 0.0 
0.0 0.0 0.0 
0.0 0.0 0.0 
343.0 4.36 0.0 
0.0 0.0 0.0 
1.0 1413.99 11.75 
343.0 13.09 1.23 
180.0 21.15 0.0 
0.0 0.0 0.0 
0.0 0.0 0.0 
0.0 0.0 0.0 
0.0 0.0 0.0 
0.0 0.0 0.0 
0.0 0.0 0.0 
172.0 46.09 0.0 
0.0 0.0 0.0 
180.0 28.65 0.0 
0.0 0.0 0.0 
1.0 1413.99 11.75 
0.0 0.0 0.0 
0.0 0.0 0.0 
342.0 23.44 0.0 
0.0 0.0 0.0 
0.0 0.0 0.0 
0.0 0.0 0.0 
0.0 0.0 0.0 
0.0 0.0 0.0 
0.0 0.0 0.0 
0.0 0.0 0.0 
0.0 0.0 0.0 
342.0 15.94 0.0 
0.0 0.0 0.0 
0.0 0.0 0.0 
0.0 0.0 0.0 
0.0 0.0 0.0 
0.0 0.0 0.0 
72.0 72.1 11.46 
0.0 0.0 0.0 
0.0 0.0 0.0 
342.0 23.44 0.0 
0.0 0.0 0.0 
0.0 0.0 0.0 
72.0 30.01 10.49 
0.0 0.0 0.0 
0.0 0.0 0.0 
0.0 0.0 0.0 
