560.0 25.82 13.39 
1.0 1046.38 11.14 
0.0 0.0 0.0 
650.0 96.4 8.5 
0.0 0.0 0.0 
650.0 78.11 9.05 
0.0 0.0 0.0 
0.0 0.0 0.0 
0.0 0.0 0.0 
0.0 0.0 0.0 
0.0 0.0 0.0 
241.0 160.51 17.05 
0.0 0.0 0.0 
0.0 0.0 0.0 
241.0 131.98 17.67 
0.0 0.0 0.0 
172.0 38.59 0.0 
0.0 0.0 0.0 
0.0 0.0 0.0 
0.0 0.0 0.0 
620.0 4.84 0.0 
0.0 0.0 0.0 
0.0 0.0 0.0 
146.0 36.41 0.0 
0.0 0.0 0.0 
620.0 12.34 0.0 
1.0 1426.46 12.46 
159.0 58.15 15.1 
146.0 28.91 0.0 
560.0 45.45 9.32 
0.0 0.0 0.0 
0.0 0.0 0.0 
241.0 160.51 17.05 
0.0 0.0 0.0 
0.0 0.0 0.0 
0.0 0.0 0.0 
159.0 95.32 14.33 
0.0 0.0 0.0 
0.0 0.0 0.0 
1.0 1426.46 12.46 
0.0 0.0 0.0 
0.0 0.0 0.0 
0.0 0.0 0.0 
0.0 0.0 0.0 
0.0 0.0 0.0 
0.0 0.0 0.0 
0.0 0.0 0.0 
0.0 0.0 0.0 
679.0 5.16 16.31 
0.0 0.0 0.0 
0.0 0.0 0.0 
0.0 0.0 0.0 
1.0 1426.46 12.46 
0.0 0.0 0.0 
0.0 0.0 0.0 
0.0 0.0 0.0 
343.0 5.41 1.06 
0.0 0.0 0.0 
1.0 1426.46 12.46 
343.0 15.82 2.73 
180.0 21.15 0.0 
0.0 0.0 0.0 
0.0 0.0 0.0 
0.0 0.0 0.0 
0.0 0.0 0.0 
0.0 0.0 0.0 
0.0 0.0 0.0 
172.0 46.09 0.0 
0.0 0.0 0.0 
180.0 28.65 0.0 
0.0 0.0 0.0 
1.0 1426.46 12.46 
0.0 0.0 0.0 
0.0 0.0 0.0 
342.0 23.44 0.0 
679.0 56.14 0.17 
0.0 0.0 0.0 
0.0 0.0 0.0 
0.0 0.0 0.0 
0.0 0.0 0.0 
0.0 0.0 0.0 
0.0 0.0 0.0 
0.0 0.0 0.0 
342.0 15.94 0.0 
0.0 0.0 0.0 
0.0 0.0 0.0 
0.0 0.0 0.0 
0.0 0.0 0.0 
0.0 0.0 0.0 
72.0 83.88 11.78 
0.0 0.0 0.0 
0.0 0.0 0.0 
342.0 23.44 0.0 
0.0 0.0 0.0 
0.0 0.0 0.0 
72.0 40.42 10.41 
0.0 0.0 0.0 
0.0 0.0 0.0 
0.0 0.0 0.0 
