560.0 35.15 9.33 
1.0 1057.07 10.68 
0.0 0.0 0.0 
650.0 105.3 8.89 
0.0 0.0 0.0 
650.0 86.8 8.69 
0.0 0.0 0.0 
0.0 0.0 0.0 
0.0 0.0 0.0 
0.0 0.0 0.0 
0.0 0.0 0.0 
241.0 177.3 16.79 
0.0 0.0 0.0 
0.0 0.0 0.0 
241.0 148.95 16.96 
0.0 0.0 0.0 
172.0 38.59 0.0 
0.0 0.0 0.0 
0.0 0.0 0.0 
0.0 0.0 0.0 
620.0 4.84 0.0 
0.0 0.0 0.0 
0.0 0.0 0.0 
0.0 0.0 0.0 
0.0 0.0 0.0 
620.0 12.34 0.0 
1.0 1438.32 11.86 
159.0 73.11 14.96 
0.0 0.0 0.0 
560.0 50.28 4.82 
0.0 0.0 0.0 
0.0 0.0 0.0 
241.0 177.3 16.79 
0.0 0.0 0.0 
0.0 0.0 0.0 
0.0 0.0 0.0 
159.0 108.77 13.45 
0.0 0.0 0.0 
0.0 0.0 0.0 
1.0 1438.32 11.86 
0.0 0.0 0.0 
0.0 0.0 0.0 
0.0 0.0 0.0 
0.0 0.0 0.0 
0.0 0.0 0.0 
700.0 0.51 5.06 
0.0 0.0 0.0 
0.0 0.0 0.0 
679.0 22.3 17.13 
0.0 0.0 0.0 
0.0 0.0 0.0 
0.0 0.0 0.0 
1.0 1438.32 11.86 
0.0 0.0 0.0 
0.0 0.0 0.0 
0.0 0.0 0.0 
700.0 17.99 7.72 
0.0 0.0 0.0 
1.0 1438.32 11.86 
0.0 0.0 0.0 
180.0 21.15 0.0 
0.0 0.0 0.0 
0.0 0.0 0.0 
0.0 0.0 0.0 
0.0 0.0 0.0 
0.0 0.0 0.0 
0.0 0.0 0.0 
172.0 46.09 0.0 
0.0 0.0 0.0 
180.0 28.65 0.0 
0.0 0.0 0.0 
1.0 1438.32 11.86 
0.0 0.0 0.0 
0.0 0.0 0.0 
342.0 23.44 0.0 
679.0 56.23 0.09 
0.0 0.0 0.0 
0.0 0.0 0.0 
0.0 0.0 0.0 
0.0 0.0 0.0 
0.0 0.0 0.0 
0.0 0.0 0.0 
0.0 0.0 0.0 
342.0 15.94 0.0 
0.0 0.0 0.0 
0.0 0.0 0.0 
0.0 0.0 0.0 
0.0 0.0 0.0 
0.0 0.0 0.0 
0.0 0.0 0.0 
0.0 0.0 0.0 
0.0 0.0 0.0 
342.0 23.44 0.0 
0.0 0.0 0.0 
0.0 0.0 0.0 
0.0 0.0 0.0 
0.0 0.0 0.0 
0.0 0.0 0.0 
0.0 0.0 0.0 
