560.0 44.33 1.45 
1.0 1089.83 10.52 
0.0 0.0 0.0 
650.0 131.84 9.29 
0.0 0.0 0.0 
650.0 113.83 9.48 
0.0 0.0 0.0 
0.0 0.0 0.0 
0.0 0.0 0.0 
0.0 0.0 0.0 
0.0 0.0 0.0 
241.0 200.24 17.41 
0.0 0.0 0.0 
0.0 0.0 0.0 
0.0 0.0 0.0 
0.0 0.0 0.0 
172.0 38.59 0.0 
181.0 3.63 7.42 
350.0 24.51 0.0 
0.0 0.0 0.0 
620.0 4.84 0.0 
0.0 0.0 0.0 
0.0 0.0 0.0 
0.0 0.0 0.0 
0.0 0.0 0.0 
620.0 12.34 0.0 
1.0 1473.53 11.51 
0.0 0.0 0.0 
181.0 77.91 13.38 
560.0 51.87 0.03 
0.0 0.0 0.0 
0.0 0.0 0.0 
241.0 213.65 16.37 
0.0 0.0 0.0 
0.0 0.0 0.0 
0.0 0.0 0.0 
0.0 0.0 0.0 
0.0 0.0 0.0 
0.0 0.0 0.0 
1.0 1473.53 11.51 
0.0 0.0 0.0 
0.0 0.0 0.0 
0.0 0.0 0.0 
0.0 0.0 0.0 
0.0 0.0 0.0 
712.0 3.31 9.84 
0.0 0.0 0.0 
0.0 0.0 0.0 
679.0 48.54 4.51 
0.0 0.0 0.0 
350.0 1.81 16.03 
0.0 0.0 0.0 
1.0 1473.53 11.51 
0.0 0.0 0.0 
560.0 51.87 0.03 
0.0 0.0 0.0 
712.0 30.04 13.31 
0.0 0.0 0.0 
1.0 1473.53 11.51 
0.0 0.0 0.0 
180.0 21.15 0.0 
0.0 0.0 0.0 
0.0 0.0 0.0 
0.0 0.0 0.0 
0.0 0.0 0.0 
0.0 0.0 0.0 
0.0 0.0 0.0 
172.0 46.09 0.0 
0.0 0.0 0.0 
180.0 28.65 0.0 
0.0 0.0 0.0 
1.0 1473.53 11.51 
0.0 0.0 0.0 
0.0 0.0 0.0 
342.0 23.44 0.0 
679.0 56.28 0.0 
0.0 0.0 0.0 
0.0 0.0 0.0 
0.0 0.0 0.0 
0.0 0.0 0.0 
0.0 0.0 0.0 
0.0 0.0 0.0 
0.0 0.0 0.0 
342.0 15.94 0.0 
0.0 0.0 0.0 
0.0 0.0 0.0 
0.0 0.0 0.0 
0.0 0.0 0.0 
0.0 0.0 0.0 
0.0 0.0 0.0 
0.0 0.0 0.0 
0.0 0.0 0.0 
342.0 23.44 0.0 
0.0 0.0 0.0 
0.0 0.0 0.0 
0.0 0.0 0.0 
0.0 0.0 0.0 
0.0 0.0 0.0 
0.0 0.0 0.0 
