560.0 44.38 0.03 
1.0 1111.81 10.47 
0.0 0.0 0.0 
650.0 147.86 8.02 
0.0 0.0 0.0 
650.0 131.42 8.36 
0.0 0.0 0.0 
0.0 0.0 0.0 
0.0 0.0 0.0 
0.0 0.0 0.0 
0.0 0.0 0.0 
351.0 35.17 16.56 
0.0 0.0 0.0 
0.0 0.0 0.0 
351.0 8.81 18.04 
0.0 0.0 0.0 
172.0 38.59 0.0 
181.0 25.11 11.58 
350.0 24.51 0.0 
0.0 0.0 0.0 
620.0 4.84 0.0 
0.0 0.0 0.0 
0.0 0.0 0.0 
181.0 104.32 13.59 
0.0 0.0 0.0 
620.0 12.34 0.0 
1.0 1497.84 11.77 
472.0 12.21 15.84 
181.0 104.32 13.59 
560.0 51.9 0.01 
0.0 0.0 0.0 
0.0 0.0 0.0 
351.0 35.17 16.56 
0.0 0.0 0.0 
0.0 0.0 0.0 
0.0 0.0 0.0 
472.0 39.12 14.18 
358.0 572.89 10.68 
0.0 0.0 0.0 
1.0 1497.84 11.77 
0.0 0.0 0.0 
0.0 0.0 0.0 
0.0 0.0 0.0 
0.0 0.0 0.0 
0.0 0.0 0.0 
0.0 0.0 0.0 
0.0 0.0 0.0 
0.0 0.0 0.0 
679.0 48.75 0.03 
0.0 0.0 0.0 
350.0 21.15 7.81 
0.0 0.0 0.0 
1.0 1497.84 11.77 
0.0 0.0 0.0 
560.0 51.9 0.01 
0.0 0.0 0.0 
712.0 2.41 10.02 
0.0 0.0 0.0 
1.0 1497.84 11.77 
712.0 29.49 14.2 
180.0 21.15 0.0 
0.0 0.0 0.0 
0.0 0.0 0.0 
0.0 0.0 0.0 
0.0 0.0 0.0 
0.0 0.0 0.0 
0.0 0.0 0.0 
172.0 46.09 0.0 
0.0 0.0 0.0 
180.0 28.65 0.0 
358.0 14.5 10.3 
1.0 1497.84 11.77 
0.0 0.0 0.0 
0.0 0.0 0.0 
342.0 23.44 0.0 
679.0 56.28 0.0 
0.0 0.0 0.0 
0.0 0.0 0.0 
0.0 0.0 0.0 
0.0 0.0 0.0 
0.0 0.0 0.0 
0.0 0.0 0.0 
0.0 0.0 0.0 
342.0 15.94 0.0 
0.0 0.0 0.0 
0.0 0.0 0.0 
0.0 0.0 0.0 
0.0 0.0 0.0 
0.0 0.0 0.0 
116.0 52.4 10.93 
0.0 0.0 0.0 
0.0 0.0 0.0 
342.0 23.44 0.0 
0.0 0.0 0.0 
0.0 0.0 0.0 
116.0 3.05 10.79 
0.0 0.0 0.0 
0.0 0.0 0.0 
0.0 0.0 0.0 
