560.0 44.39 0.01 
1.0 1122.93 11.12 
0.0 0.0 0.0 
650.0 157.03 9.17 
0.0 0.0 0.0 
650.0 138.79 7.37 
0.0 0.0 0.0 
0.0 0.0 0.0 
0.0 0.0 0.0 
0.0 0.0 0.0 
0.0 0.0 0.0 
351.0 25.59 16.79 
0.0 0.0 0.0 
0.0 0.0 0.0 
0.0 0.0 0.0 
0.0 0.0 0.0 
172.0 38.59 0.0 
181.0 38.14 13.03 
350.0 24.51 0.0 
0.0 0.0 0.0 
0.0 0.0 0.0 
0.0 0.0 0.0 
0.0 0.0 0.0 
181.0 117.88 13.56 
0.0 0.0 0.0 
0.0 0.0 0.0 
1.0 1509.42 11.57 
472.0 27.77 15.56 
181.0 117.88 13.56 
560.0 51.9 0.0 
0.0 0.0 0.0 
0.0 0.0 0.0 
351.0 35.29 15.93 
0.0 0.0 0.0 
0.0 0.0 0.0 
0.0 0.0 0.0 
472.0 52.66 13.53 
358.0 583.71 10.82 
0.0 0.0 0.0 
1.0 1509.42 11.57 
0.0 0.0 0.0 
0.0 0.0 0.0 
0.0 0.0 0.0 
0.0 0.0 0.0 
0.0 0.0 0.0 
720.0 5.79 14.84 
0.0 0.0 0.0 
0.0 0.0 0.0 
679.0 48.77 0.02 
0.0 0.0 0.0 
350.0 24.46 3.31 
0.0 0.0 0.0 
1.0 1509.42 11.57 
0.0 0.0 0.0 
560.0 51.9 0.0 
0.0 0.0 0.0 
720.0 38.16 16.3 
0.0 0.0 0.0 
1.0 1509.42 11.57 
0.0 0.0 0.0 
180.0 21.15 0.0 
0.0 0.0 0.0 
0.0 0.0 0.0 
0.0 0.0 0.0 
0.0 0.0 0.0 
0.0 0.0 0.0 
0.0 0.0 0.0 
172.0 46.09 0.0 
0.0 0.0 0.0 
180.0 28.65 0.0 
358.0 24.53 10.03 
1.0 1509.42 11.57 
0.0 0.0 0.0 
0.0 0.0 0.0 
342.0 23.44 0.0 
679.0 56.28 0.0 
0.0 0.0 0.0 
0.0 0.0 0.0 
0.0 0.0 0.0 
0.0 0.0 0.0 
0.0 0.0 0.0 
0.0 0.0 0.0 
0.0 0.0 0.0 
342.0 15.94 0.0 
0.0 0.0 0.0 
0.0 0.0 0.0 
0.0 0.0 0.0 
0.0 0.0 0.0 
0.0 0.0 0.0 
116.0 64.13 11.73 
0.0 0.0 0.0 
0.0 0.0 0.0 
342.0 23.44 0.0 
0.0 0.0 0.0 
0.0 0.0 0.0 
116.0 13.71 10.66 
0.0 0.0 0.0 
0.0 0.0 0.0 
0.0 0.0 0.0 
