560.0 44.4 0.0 
1.0 1144.74 10.66 
0.0 0.0 0.0 
0.0 0.0 0.0 
0.0 0.0 0.0 
0.0 0.0 0.0 
0.0 0.0 0.0 
0.0 0.0 0.0 
0.0 0.0 0.0 
0.0 0.0 0.0 
0.0 0.0 0.0 
371.0 32.45 16.82 
0.0 0.0 0.0 
0.0 0.0 0.0 
371.0 4.91 16.97 
0.0 0.0 0.0 
172.0 38.59 0.0 
181.0 66.34 13.97 
350.0 24.51 0.0 
0.0 0.0 0.0 
0.0 0.0 0.0 
0.0 0.0 0.0 
0.0 0.0 0.0 
181.0 144.39 13.24 
0.0 0.0 0.0 
0.0 0.0 0.0 
1.0 1533.28 12.5 
0.0 0.0 0.0 
181.0 144.39 13.24 
560.0 51.9 0.0 
0.0 0.0 0.0 
0.0 0.0 0.0 
371.0 32.45 16.82 
0.0 0.0 0.0 
0.0 0.0 0.0 
0.0 0.0 0.0 
0.0 0.0 0.0 
358.0 605.25 11.13 
0.0 0.0 0.0 
1.0 1533.28 12.5 
0.0 0.0 0.0 
0.0 0.0 0.0 
0.0 0.0 0.0 
0.0 0.0 0.0 
0.0 0.0 0.0 
720.0 4.19 14.92 
0.0 0.0 0.0 
358.0 605.25 11.13 
679.0 48.78 0.0 
0.0 0.0 0.0 
350.0 24.51 0.02 
0.0 0.0 0.0 
1.0 1533.28 12.5 
0.0 0.0 0.0 
560.0 51.9 0.0 
0.0 0.0 0.0 
720.0 69.19 15.1 
0.0 0.0 0.0 
1.0 1533.28 12.5 
720.0 69.19 15.1 
180.0 21.15 0.0 
0.0 0.0 0.0 
0.0 0.0 0.0 
0.0 0.0 0.0 
0.0 0.0 0.0 
0.0 0.0 0.0 
0.0 0.0 0.0 
172.0 46.09 0.0 
0.0 0.0 0.0 
180.0 28.65 0.0 
358.0 45.1 10.44 
1.0 1533.28 12.5 
0.0 0.0 0.0 
0.0 0.0 0.0 
342.0 23.44 0.0 
679.0 56.28 0.0 
0.0 0.0 0.0 
0.0 0.0 0.0 
0.0 0.0 0.0 
0.0 0.0 0.0 
0.0 0.0 0.0 
0.0 0.0 0.0 
0.0 0.0 0.0 
342.0 15.94 0.0 
0.0 0.0 0.0 
0.0 0.0 0.0 
0.0 0.0 0.0 
0.0 0.0 0.0 
0.0 0.0 0.0 
0.0 0.0 0.0 
0.0 0.0 0.0 
0.0 0.0 0.0 
342.0 23.44 0.0 
180.0 28.65 0.0 
0.0 0.0 0.0 
0.0 0.0 0.0 
0.0 0.0 0.0 
0.0 0.0 0.0 
0.0 0.0 0.0 
