560.0 44.4 0.0 
1.0 1188.5 11.59 
0.0 0.0 0.0 
0.0 0.0 0.0 
0.0 0.0 0.0 
0.0 0.0 0.0 
0.0 0.0 0.0 
0.0 0.0 0.0 
0.0 0.0 0.0 
0.0 0.0 0.0 
0.0 0.0 0.0 
382.0 39.06 10.29 
0.0 0.0 0.0 
0.0 0.0 0.0 
382.0 18.06 13.42 
0.0 0.0 0.0 
172.0 38.59 0.0 
0.0 0.0 0.0 
350.0 24.51 0.0 
0.0 0.0 0.0 
0.0 0.0 0.0 
0.0 0.0 0.0 
0.0 0.0 0.0 
181.0 122.98 14.72 
50.0 28.72 12.79 
0.0 0.0 0.0 
1.0 1582.51 12.56 
536.0 32.07 13.03 
181.0 94.53 14.15 
560.0 51.9 0.0 
0.0 0.0 0.0 
0.0 0.0 0.0 
382.0 39.06 10.29 
0.0 0.0 0.0 
0.0 0.0 0.0 
0.0 0.0 0.0 
536.0 42.58 7.43 
358.0 647.6 10.17 
0.0 0.0 0.0 
1.0 1582.51 12.56 
0.0 0.0 0.0 
0.0 0.0 0.0 
0.0 0.0 0.0 
0.0 0.0 0.0 
0.0 0.0 0.0 
720.0 66.85 15.95 
0.0 0.0 0.0 
358.0 647.6 10.17 
679.0 48.78 0.0 
0.0 0.0 0.0 
350.0 24.51 0.0 
0.0 0.0 0.0 
1.0 1582.51 12.56 
0.0 0.0 0.0 
560.0 51.9 0.0 
0.0 0.0 0.0 
720.0 98.0 2.09 
0.0 0.0 0.0 
1.0 1582.51 12.56 
720.0 98.0 2.09 
180.0 21.15 0.0 
0.0 0.0 0.0 
0.0 0.0 0.0 
0.0 0.0 0.0 
0.0 0.0 0.0 
0.0 0.0 0.0 
50.0 43.32 0.0 
172.0 46.09 0.0 
0.0 0.0 0.0 
180.0 28.65 0.0 
358.0 84.7 10.3 
1.0 1582.51 12.56 
0.0 0.0 0.0 
0.0 0.0 0.0 
342.0 23.44 0.0 
679.0 56.28 0.0 
0.0 0.0 0.0 
0.0 0.0 0.0 
0.0 0.0 0.0 
0.0 0.0 0.0 
0.0 0.0 0.0 
0.0 0.0 0.0 
0.0 0.0 0.0 
342.0 15.94 0.0 
0.0 0.0 0.0 
0.0 0.0 0.0 
0.0 0.0 0.0 
0.0 0.0 0.0 
0.0 0.0 0.0 
0.0 0.0 0.0 
0.0 0.0 0.0 
0.0 0.0 0.0 
342.0 23.44 0.0 
180.0 28.65 0.0 
0.0 0.0 0.0 
0.0 0.0 0.0 
0.0 0.0 0.0 
0.0 0.0 0.0 
0.0 0.0 0.0 
