560.0 44.4 0.0 
1.0 1209.64 10.62 
0.0 0.0 0.0 
0.0 0.0 0.0 
0.0 0.0 0.0 
0.0 0.0 0.0 
0.0 0.0 0.0 
0.0 0.0 0.0 
0.0 0.0 0.0 
0.0 0.0 0.0 
0.0 0.0 0.0 
382.0 47.39 2.24 
0.0 0.0 0.0 
0.0 0.0 0.0 
382.0 36.1 6.94 
0.0 0.0 0.0 
172.0 38.59 0.0 
0.0 0.0 0.0 
350.0 24.51 0.0 
0.0 0.0 0.0 
323.0 12.8 10.2 
0.0 0.0 0.0 
0.0 0.0 0.0 
181.0 151.6 14.83 
50.0 42.85 4.84 
323.0 50.42 15.28 
1.0 1600.2 6.63 
536.0 45.48 4.73 
181.0 122.54 13.98 
560.0 51.9 0.0 
0.0 0.0 0.0 
0.0 0.0 0.0 
382.0 47.39 2.24 
0.0 0.0 0.0 
0.0 0.0 0.0 
0.0 0.0 0.0 
536.0 46.96 0.96 
358.0 668.37 10.18 
0.0 0.0 0.0 
1.0 1600.2 6.63 
0.0 0.0 0.0 
0.0 0.0 0.0 
0.0 0.0 0.0 
0.0 0.0 0.0 
0.0 0.0 0.0 
720.0 86.88 7.76 
0.0 0.0 0.0 
358.0 668.37 10.18 
679.0 48.78 0.0 
0.0 0.0 0.0 
350.0 24.51 0.0 
0.0 0.0 0.0 
1.0 1600.2 6.63 
0.0 0.0 0.0 
560.0 51.9 0.0 
0.0 0.0 0.0 
0.0 0.0 0.0 
0.0 0.0 0.0 
1.0 1600.2 6.63 
720.0 98.34 0.08 
180.0 21.15 0.0 
0.0 0.0 0.0 
0.0 0.0 0.0 
0.0 0.0 0.0 
0.0 0.0 0.0 
0.0 0.0 0.0 
50.0 43.32 0.0 
172.0 46.09 0.0 
0.0 0.0 0.0 
180.0 28.65 0.0 
358.0 105.23 9.91 
1.0 1600.2 6.63 
0.0 0.0 0.0 
0.0 0.0 0.0 
342.0 23.44 0.0 
679.0 56.28 0.0 
0.0 0.0 0.0 
0.0 0.0 0.0 
0.0 0.0 0.0 
0.0 0.0 0.0 
0.0 0.0 0.0 
0.0 0.0 0.0 
0.0 0.0 0.0 
342.0 15.94 0.0 
0.0 0.0 0.0 
0.0 0.0 0.0 
0.0 0.0 0.0 
0.0 0.0 0.0 
0.0 0.0 0.0 
0.0 0.0 0.0 
0.0 0.0 0.0 
0.0 0.0 0.0 
342.0 23.44 0.0 
180.0 28.65 0.0 
0.0 0.0 0.0 
181.0 151.6 14.83 
0.0 0.0 0.0 
0.0 0.0 0.0 
0.0 0.0 0.0 
