560.0 44.4 0.0 
1.0 1220.92 11.28 
0.0 0.0 0.0 
0.0 0.0 0.0 
0.0 0.0 0.0 
0.0 0.0 0.0 
0.0 0.0 0.0 
0.0 0.0 0.0 
0.0 0.0 0.0 
0.0 0.0 0.0 
0.0 0.0 0.0 
382.0 47.42 0.03 
0.0 0.0 0.0 
0.0 0.0 0.0 
382.0 39.39 3.29 
0.0 0.0 0.0 
172.0 38.59 0.0 
0.0 0.0 0.0 
350.0 24.51 0.0 
0.0 0.0 0.0 
0.0 0.0 0.0 
0.0 0.0 0.0 
0.0 0.0 0.0 
181.0 165.82 14.22 
50.0 43.25 0.39 
0.0 0.0 0.0 
1.0 1604.26 4.06 
536.0 46.4 0.92 
181.0 136.63 14.08 
560.0 51.9 0.0 
0.0 0.0 0.0 
0.0 0.0 0.0 
382.0 47.42 0.03 
0.0 0.0 0.0 
0.0 0.0 0.0 
0.0 0.0 0.0 
536.0 47.06 0.11 
358.0 679.67 11.3 
0.0 0.0 0.0 
1.0 1604.26 4.06 
0.0 0.0 0.0 
0.0 0.0 0.0 
0.0 0.0 0.0 
0.0 0.0 0.0 
0.0 0.0 0.0 
720.0 94.44 7.56 
0.0 0.0 0.0 
358.0 679.67 11.3 
679.0 48.78 0.0 
0.0 0.0 0.0 
350.0 24.51 0.0 
0.0 0.0 0.0 
1.0 1604.26 4.06 
0.0 0.0 0.0 
560.0 51.9 0.0 
0.0 0.0 0.0 
0.0 0.0 0.0 
0.0 0.0 0.0 
1.0 1604.26 4.06 
720.0 98.4 0.06 
180.0 21.15 0.0 
0.0 0.0 0.0 
0.0 0.0 0.0 
0.0 0.0 0.0 
0.0 0.0 0.0 
0.0 0.0 0.0 
50.0 43.32 0.0 
172.0 46.09 0.0 
0.0 0.0 0.0 
180.0 28.65 0.0 
358.0 114.85 9.62 
1.0 1604.26 4.06 
0.0 0.0 0.0 
172.0 46.09 0.0 
342.0 23.44 0.0 
679.0 56.28 0.0 
0.0 0.0 0.0 
0.0 0.0 0.0 
0.0 0.0 0.0 
0.0 0.0 0.0 
0.0 0.0 0.0 
0.0 0.0 0.0 
0.0 0.0 0.0 
342.0 15.94 0.0 
0.0 0.0 0.0 
0.0 0.0 0.0 
0.0 0.0 0.0 
0.0 0.0 0.0 
0.0 0.0 0.0 
0.0 0.0 0.0 
0.0 0.0 0.0 
0.0 0.0 0.0 
342.0 23.44 0.0 
180.0 28.65 0.0 
0.0 0.0 0.0 
181.0 165.82 14.22 
0.0 0.0 0.0 
0.0 0.0 0.0 
0.0 0.0 0.0 
