560.0 44.4 0.0 
0.0 0.0 0.0 
0.0 0.0 0.0 
0.0 0.0 0.0 
0.0 0.0 0.0 
0.0 0.0 0.0 
292.0 42.89 0.0 
0.0 0.0 0.0 
0.0 0.0 0.0 
0.0 0.0 0.0 
0.0 0.0 0.0 
382.0 47.43 0.0 
0.0 0.0 0.0 
0.0 0.0 0.0 
382.0 47.43 0.0 
0.0 0.0 0.0 
0.0 0.0 0.0 
0.0 0.0 0.0 
350.0 17.01 0.0 
0.0 0.0 0.0 
0.0 0.0 0.0 
0.0 0.0 0.0 
0.0 0.0 0.0 
432.0 78.26 14.55 
50.0 43.32 0.0 
0.0 0.0 0.0 
1.0 1334.43 11.48 
536.0 47.14 0.0 
432.0 53.64 14.96 
560.0 51.9 0.0 
0.0 0.0 0.0 
0.0 0.0 0.0 
382.0 47.43 0.0 
0.0 0.0 0.0 
0.0 0.0 0.0 
0.0 0.0 0.0 
536.0 47.14 0.0 
358.0 214.62 10.1 
0.0 0.0 0.0 
1.0 1354.22 10.79 
0.0 0.0 0.0 
0.0 0.0 0.0 
0.0 0.0 0.0 
0.0 0.0 0.0 
0.0 0.0 0.0 
720.0 98.41 0.0 
0.0 0.0 0.0 
358.0 236.65 9.59 
679.0 48.78 0.0 
0.0 0.0 0.0 
0.0 0.0 0.0 
0.0 0.0 0.0 
1.0 1354.22 10.79 
0.0 0.0 0.0 
560.0 51.9 0.0 
0.0 0.0 0.0 
0.0 0.0 0.0 
0.0 0.0 0.0 
1.0 1354.22 10.79 
720.0 98.41 0.0 
0.0 0.0 0.0 
0.0 0.0 0.0 
0.0 0.0 0.0 
0.0 0.0 0.0 
0.0 0.0 0.0 
350.0 24.51 0.0 
50.0 43.32 0.0 
0.0 0.0 0.0 
0.0 0.0 0.0 
180.0 13.65 0.0 
0.0 0.0 0.0 
1.0 1354.22 10.79 
0.0 0.0 0.0 
0.0 0.0 0.0 
342.0 23.44 0.0 
679.0 56.28 0.0 
0.0 0.0 0.0 
0.0 0.0 0.0 
0.0 0.0 0.0 
0.0 0.0 0.0 
0.0 0.0 0.0 
0.0 0.0 0.0 
0.0 0.0 0.0 
342.0 15.94 0.0 
0.0 0.0 0.0 
292.0 34.65 4.81 
0.0 0.0 0.0 
0.0 0.0 0.0 
0.0 0.0 0.0 
0.0 0.0 0.0 
0.0 0.0 0.0 
0.0 0.0 0.0 
342.0 23.44 0.0 
180.0 21.15 0.0 
0.0 0.0 0.0 
0.0 0.0 0.0 
0.0 0.0 0.0 
0.0 0.0 0.0 
0.0 0.0 0.0 
