560.0 44.4 0.0 
0.0 0.0 0.0 
0.0 0.0 0.0 
0.0 0.0 0.0 
0.0 0.0 0.0 
0.0 0.0 0.0 
292.0 42.89 0.0 
0.0 0.0 0.0 
0.0 0.0 0.0 
0.0 0.0 0.0 
0.0 0.0 0.0 
382.0 47.43 0.0 
0.0 0.0 0.0 
0.0 0.0 0.0 
382.0 47.43 0.0 
0.0 0.0 0.0 
0.0 0.0 0.0 
0.0 0.0 0.0 
350.0 17.01 0.0 
0.0 0.0 0.0 
0.0 0.0 0.0 
0.0 0.0 0.0 
0.0 0.0 0.0 
0.0 0.0 0.0 
50.0 43.32 0.0 
0.0 0.0 0.0 
1.0 1367.69 11.37 
536.0 47.14 0.0 
0.0 0.0 0.0 
560.0 51.9 0.0 
382.0 47.43 0.0 
0.0 0.0 0.0 
382.0 47.43 0.0 
0.0 0.0 0.0 
0.0 0.0 0.0 
0.0 0.0 0.0 
536.0 47.14 0.0 
358.0 245.85 10.84 
0.0 0.0 0.0 
1.0 1388.56 11.36 
0.0 0.0 0.0 
0.0 0.0 0.0 
0.0 0.0 0.0 
0.0 0.0 0.0 
0.0 0.0 0.0 
720.0 98.41 0.0 
0.0 0.0 0.0 
358.0 267.49 9.7 
679.0 48.78 0.0 
0.0 0.0 0.0 
0.0 0.0 0.0 
0.0 0.0 0.0 
1.0 1388.56 11.36 
0.0 0.0 0.0 
560.0 51.9 0.0 
0.0 0.0 0.0 
0.0 0.0 0.0 
0.0 0.0 0.0 
1.0 1388.56 11.36 
720.0 98.41 0.0 
0.0 0.0 0.0 
0.0 0.0 0.0 
0.0 0.0 0.0 
0.0 0.0 0.0 
0.0 0.0 0.0 
350.0 24.51 0.0 
50.0 43.32 0.0 
0.0 0.0 0.0 
0.0 0.0 0.0 
0.0 0.0 0.0 
0.0 0.0 0.0 
1.0 1388.56 11.36 
0.0 0.0 0.0 
0.0 0.0 0.0 
342.0 8.44 0.0 
679.0 56.28 0.0 
0.0 0.0 0.0 
0.0 0.0 0.0 
0.0 0.0 0.0 
0.0 0.0 0.0 
0.0 0.0 0.0 
0.0 0.0 0.0 
0.0 0.0 0.0 
0.0 0.0 0.0 
0.0 0.0 0.0 
292.0 35.32 0.11 
0.0 0.0 0.0 
0.0 0.0 0.0 
0.0 0.0 0.0 
0.0 0.0 0.0 
0.0 0.0 0.0 
0.0 0.0 0.0 
342.0 15.94 0.0 
0.0 0.0 0.0 
0.0 0.0 0.0 
0.0 0.0 0.0 
0.0 0.0 0.0 
0.0 0.0 0.0 
0.0 0.0 0.0 
