560.0 51.9 0.0 
0.0 0.0 0.0 
0.0 0.0 0.0 
0.0 0.0 0.0 
0.0 0.0 0.0 
0.0 0.0 0.0 
0.0 0.0 0.0 
0.0 0.0 0.0 
0.0 0.0 0.0 
0.0 0.0 0.0 
0.0 0.0 0.0 
382.0 47.43 0.0 
0.0 0.0 0.0 
0.0 0.0 0.0 
382.0 47.43 0.0 
0.0 0.0 0.0 
0.0 0.0 0.0 
0.0 0.0 0.0 
0.0 0.0 0.0 
0.0 0.0 0.0 
729.0 27.67 0.0 
0.0 0.0 0.0 
0.0 0.0 0.0 
560.0 51.9 0.0 
50.0 43.32 0.0 
0.0 0.0 0.0 
1.0 1547.86 11.55 
536.0 47.14 0.0 
560.0 44.4 0.0 
560.0 51.9 0.0 
382.0 47.43 0.0 
0.0 0.0 0.0 
382.0 47.43 0.0 
0.0 0.0 0.0 
0.0 0.0 0.0 
0.0 0.0 0.0 
536.0 47.14 0.0 
358.0 410.92 9.71 
0.0 0.0 0.0 
1.0 1568.03 10.82 
0.0 0.0 0.0 
0.0 0.0 0.0 
0.0 0.0 0.0 
0.0 0.0 0.0 
729.0 20.03 0.35 
720.0 98.41 0.0 
0.0 0.0 0.0 
358.0 430.74 10.31 
679.0 48.78 0.0 
0.0 0.0 0.0 
0.0 0.0 0.0 
0.0 0.0 0.0 
1.0 1568.03 10.82 
0.0 0.0 0.0 
560.0 51.9 0.0 
0.0 0.0 0.0 
0.0 0.0 0.0 
0.0 0.0 0.0 
1.0 1568.03 10.82 
720.0 98.41 0.0 
0.0 0.0 0.0 
0.0 0.0 0.0 
0.0 0.0 0.0 
0.0 0.0 0.0 
0.0 0.0 0.0 
0.0 0.0 0.0 
50.0 43.32 0.0 
0.0 0.0 0.0 
0.0 0.0 0.0 
679.0 56.28 0.0 
0.0 0.0 0.0 
1.0 1568.03 10.82 
0.0 0.0 0.0 
0.0 0.0 0.0 
0.0 0.0 0.0 
679.0 56.28 0.0 
0.0 0.0 0.0 
0.0 0.0 0.0 
0.0 0.0 0.0 
0.0 0.0 0.0 
0.0 0.0 0.0 
0.0 0.0 0.0 
0.0 0.0 0.0 
0.0 0.0 0.0 
0.0 0.0 0.0 
0.0 0.0 0.0 
0.0 0.0 0.0 
0.0 0.0 0.0 
560.0 51.9 0.0 
0.0 0.0 0.0 
0.0 0.0 0.0 
0.0 0.0 0.0 
0.0 0.0 0.0 
0.0 0.0 0.0 
0.0 0.0 0.0 
0.0 0.0 0.0 
0.0 0.0 0.0 
0.0 0.0 0.0 
0.0 0.0 0.0 
