560.0 51.9 0.0 
0.0 0.0 0.0 
0.0 0.0 0.0 
0.0 0.0 0.0 
0.0 0.0 0.0 
0.0 0.0 0.0 
0.0 0.0 0.0 
0.0 0.0 0.0 
0.0 0.0 0.0 
0.0 0.0 0.0 
0.0 0.0 0.0 
382.0 47.43 0.0 
0.0 0.0 0.0 
0.0 0.0 0.0 
382.0 47.43 0.0 
0.0 0.0 0.0 
0.0 0.0 0.0 
0.0 0.0 0.0 
219.0 15.6 10.27 
0.0 0.0 0.0 
729.0 27.67 0.0 
349.0 28.05 0.01 
0.0 0.0 0.0 
560.0 51.9 0.0 
50.0 43.32 0.0 
0.0 0.0 0.0 
0.0 0.0 0.0 
536.0 47.14 0.0 
560.0 44.4 0.0 
560.0 51.9 0.0 
382.0 47.43 0.0 
0.0 0.0 0.0 
382.0 47.43 0.0 
358.0 512.98 10.0 
0.0 0.0 0.0 
0.0 0.0 0.0 
536.0 47.14 0.0 
358.0 492.17 9.97 
0.0 0.0 0.0 
0.0 0.0 0.0 
0.0 0.0 0.0 
0.0 0.0 0.0 
0.0 0.0 0.0 
0.0 0.0 0.0 
729.0 20.17 0.0 
720.0 98.41 0.0 
0.0 0.0 0.0 
358.0 512.98 10.0 
679.0 56.21 0.96 
0.0 0.0 0.0 
0.0 0.0 0.0 
50.0 43.32 0.0 
1.0 1583.44 6.88 
0.0 0.0 0.0 
560.0 51.9 0.0 
0.0 0.0 0.0 
0.0 0.0 0.0 
0.0 0.0 0.0 
1.0 1598.56 6.71 
720.0 98.41 0.0 
0.0 0.0 0.0 
0.0 0.0 0.0 
0.0 0.0 0.0 
0.0 0.0 0.0 
0.0 0.0 0.0 
219.0 46.89 14.66 
50.0 18.95 12.95 
0.0 0.0 0.0 
0.0 0.0 0.0 
679.0 56.21 0.96 
0.0 0.0 0.0 
1.0 1598.56 6.71 
0.0 0.0 0.0 
0.0 0.0 0.0 
122.0 15.23 0.0 
679.0 47.11 2.57 
0.0 0.0 0.0 
0.0 0.0 0.0 
0.0 0.0 0.0 
0.0 0.0 0.0 
0.0 0.0 0.0 
0.0 0.0 0.0 
0.0 0.0 0.0 
122.0 7.73 0.0 
219.0 46.89 14.66 
0.0 0.0 0.0 
0.0 0.0 0.0 
0.0 0.0 0.0 
560.0 51.9 0.0 
0.0 0.0 0.0 
0.0 0.0 0.0 
0.0 0.0 0.0 
122.0 15.23 0.0 
349.0 28.06 0.0 
0.0 0.0 0.0 
0.0 0.0 0.0 
0.0 0.0 0.0 
0.0 0.0 0.0 
0.0 0.0 0.0 
