560.0 51.9 0.0 
0.0 0.0 0.0 
0.0 0.0 0.0 
0.0 0.0 0.0 
0.0 0.0 0.0 
0.0 0.0 0.0 
0.0 0.0 0.0 
0.0 0.0 0.0 
0.0 0.0 0.0 
0.0 0.0 0.0 
0.0 0.0 0.0 
382.0 47.43 0.0 
0.0 0.0 0.0 
0.0 0.0 0.0 
382.0 47.43 0.0 
0.0 0.0 0.0 
0.0 0.0 0.0 
0.0 0.0 0.0 
219.0 41.3 13.88 
0.0 0.0 0.0 
729.0 27.67 0.0 
349.0 28.06 0.0 
0.0 0.0 0.0 
560.0 51.9 0.0 
50.0 43.32 0.0 
0.0 0.0 0.0 
0.0 0.0 0.0 
536.0 47.14 0.0 
560.0 44.4 0.0 
560.0 51.9 0.0 
382.0 47.43 0.0 
0.0 0.0 0.0 
382.0 47.43 0.0 
358.0 533.46 10.62 
0.0 0.0 0.0 
0.0 0.0 0.0 
536.0 47.14 0.0 
358.0 512.42 9.76 
0.0 0.0 0.0 
0.0 0.0 0.0 
0.0 0.0 0.0 
0.0 0.0 0.0 
0.0 0.0 0.0 
0.0 0.0 0.0 
729.0 20.17 0.0 
720.0 98.41 0.0 
0.0 0.0 0.0 
358.0 533.46 10.62 
679.0 56.28 0.01 
0.0 0.0 0.0 
0.0 0.0 0.0 
50.0 43.32 0.0 
0.0 0.0 0.0 
0.0 0.0 0.0 
560.0 51.9 0.0 
0.0 0.0 0.0 
0.0 0.0 0.0 
0.0 0.0 0.0 
1.0 1379.58 12.6 
720.0 98.41 0.0 
0.0 0.0 0.0 
0.0 0.0 0.0 
0.0 0.0 0.0 
0.0 0.0 0.0 
0.0 0.0 0.0 
219.0 73.18 12.58 
50.0 33.48 5.02 
837.0 17.31 11.87 
0.0 0.0 0.0 
679.0 56.28 0.01 
0.0 0.0 0.0 
1.0 1594.44 4.12 
0.0 0.0 0.0 
837.0 43.45 10.36 
122.0 15.23 0.0 
679.0 48.75 0.31 
0.0 0.0 0.0 
0.0 0.0 0.0 
0.0 0.0 0.0 
0.0 0.0 0.0 
0.0 0.0 0.0 
0.0 0.0 0.0 
0.0 0.0 0.0 
122.0 7.73 0.0 
219.0 73.18 12.58 
0.0 0.0 0.0 
0.0 0.0 0.0 
0.0 0.0 0.0 
560.0 51.9 0.0 
0.0 0.0 0.0 
0.0 0.0 0.0 
0.0 0.0 0.0 
122.0 15.23 0.0 
349.0 28.06 0.0 
0.0 0.0 0.0 
0.0 0.0 0.0 
0.0 0.0 0.0 
0.0 0.0 0.0 
0.0 0.0 0.0 
