0.0 0.0 0.0 
0.0 0.0 0.0 
0.0 0.0 0.0 
0.0 0.0 0.0 
0.0 0.0 0.0 
0.0 0.0 0.0 
0.0 0.0 0.0 
0.0 0.0 0.0 
0.0 0.0 0.0 
0.0 0.0 0.0 
0.0 0.0 0.0 
0.0 0.0 0.0 
0.0 0.0 0.0 
0.0 0.0 0.0 
0.0 0.0 0.0 
0.0 0.0 0.0 
0.0 0.0 0.0 
0.0 0.0 0.0 
219.0 55.19 13.88 
0.0 0.0 0.0 
0.0 0.0 0.0 
419.0 0.75 1.75 
0.0 0.0 0.0 
560.0 44.4 0.0 
435.0 1.54 2.54 
0.0 0.0 0.0 
761.0 0.17 3.25 
551.0 0.89 1.89 
0.0 0.0 0.0 
560.0 44.4 0.0 
382.0 39.93 0.0 
0.0 0.0 0.0 
382.0 32.43 0.0 
358.0 544.14 10.69 
0.0 0.0 0.0 
0.0 0.0 0.0 
551.0 0.77 1.77 
358.0 523.14 10.71 
0.0 0.0 0.0 
761.0 8.81 2.64 
0.0 0.0 0.0 
0.0 0.0 0.0 
0.0 0.0 0.0 
0.0 0.0 0.0 
0.0 0.0 0.0 
855.0 0.74 1.74 
0.0 0.0 0.0 
358.0 544.14 10.69 
850.0 0.78 1.78 
0.0 0.0 0.0 
0.0 0.0 0.0 
0.0 0.0 0.0 
0.0 0.0 0.0 
0.0 0.0 0.0 
560.0 44.4 0.0 
0.0 0.0 0.0 
0.0 0.0 0.0 
0.0 0.0 0.0 
1.0 1392.93 13.34 
855.0 0.65 1.65 
0.0 0.0 0.0 
0.0 0.0 0.0 
0.0 0.0 0.0 
0.0 0.0 0.0 
0.0 0.0 0.0 
219.0 87.48 14.29 
435.0 0.34 1.34 
0.0 0.0 0.0 
0.0 0.0 0.0 
0.0 0.0 0.0 
0.0 0.0 0.0 
1.0 1600.78 6.34 
0.0 0.0 0.0 
0.0 0.0 0.0 
122.0 0.23 0.0 
850.0 1.0 2.0 
0.0 0.0 0.0 
0.0 0.0 0.0 
0.0 0.0 0.0 
0.0 0.0 0.0 
0.0 0.0 0.0 
0.0 0.0 0.0 
0.0 0.0 0.0 
0.0 0.0 0.0 
0.0 0.0 0.0 
0.0 0.0 0.0 
0.0 0.0 0.0 
0.0 0.0 0.0 
560.0 44.4 0.0 
0.0 0.0 0.0 
0.0 0.0 0.0 
0.0 0.0 0.0 
122.0 7.73 0.0 
419.0 0.76 1.77 
0.0 0.0 0.0 
0.0 0.0 0.0 
0.0 0.0 0.0 
0.0 0.0 0.0 
0.0 0.0 0.0 
