0.0 0.0 0.0 
0.0 0.0 0.0 
0.0 0.0 0.0 
0.0 0.0 0.0 
0.0 0.0 0.0 
0.0 0.0 0.0 
0.0 0.0 0.0 
0.0 0.0 0.0 
0.0 0.0 0.0 
0.0 0.0 0.0 
0.0 0.0 0.0 
0.0 0.0 0.0 
0.0 0.0 0.0 
0.0 0.0 0.0 
0.0 0.0 0.0 
0.0 0.0 0.0 
0.0 0.0 0.0 
0.0 0.0 0.0 
433.0 4.43 3.38 
0.0 0.0 0.0 
0.0 0.0 0.0 
419.0 3.84 3.09 
0.0 0.0 0.0 
560.0 46.02 1.63 
435.0 6.06 4.51 
0.0 0.0 0.0 
0.0 0.0 0.0 
551.0 4.79 3.9 
0.0 0.0 0.0 
560.0 46.54 2.14 
382.0 41.2 1.27 
0.0 0.0 0.0 
382.0 32.43 0.0 
358.0 554.03 9.88 
0.0 0.0 0.0 
0.0 0.0 0.0 
551.0 4.58 3.81 
358.0 534.14 11.01 
0.0 0.0 0.0 
0.0 0.0 0.0 
0.0 0.0 0.0 
0.0 0.0 0.0 
0.0 0.0 0.0 
0.0 0.0 0.0 
0.0 0.0 0.0 
855.0 4.1 3.36 
0.0 0.0 0.0 
358.0 554.03 9.88 
850.0 4.26 3.48 
0.0 0.0 0.0 
0.0 0.0 0.0 
0.0 0.0 0.0 
0.0 0.0 0.0 
0.0 0.0 0.0 
560.0 46.54 2.14 
0.0 0.0 0.0 
0.0 0.0 0.0 
0.0 0.0 0.0 
0.0 0.0 0.0 
855.0 3.68 3.04 
0.0 0.0 0.0 
0.0 0.0 0.0 
0.0 0.0 0.0 
0.0 0.0 0.0 
0.0 0.0 0.0 
0.0 0.0 0.0 
435.0 4.19 3.85 
0.0 0.0 0.0 
0.0 0.0 0.0 
0.0 0.0 0.0 
0.0 0.0 0.0 
0.0 0.0 0.0 
0.0 0.0 0.0 
0.0 0.0 0.0 
122.0 0.23 0.0 
850.0 5.36 4.36 
0.0 0.0 0.0 
0.0 0.0 0.0 
0.0 0.0 0.0 
0.0 0.0 0.0 
0.0 0.0 0.0 
0.0 0.0 0.0 
0.0 0.0 0.0 
0.0 0.0 0.0 
433.0 11.65 13.71 
0.0 0.0 0.0 
0.0 0.0 0.0 
0.0 0.0 0.0 
560.0 46.54 2.14 
0.0 0.0 0.0 
0.0 0.0 0.0 
0.0 0.0 0.0 
122.0 9.42 1.69 
419.0 4.89 4.13 
0.0 0.0 0.0 
0.0 0.0 0.0 
0.0 0.0 0.0 
0.0 0.0 0.0 
0.0 0.0 0.0 
