0.0 0.0 0.0 
0.0 0.0 0.0 
0.0 0.0 0.0 
0.0 0.0 0.0 
0.0 0.0 0.0 
0.0 0.0 0.0 
0.0 0.0 0.0 
0.0 0.0 0.0 
0.0 0.0 0.0 
0.0 0.0 0.0 
0.0 0.0 0.0 
0.0 0.0 0.0 
0.0 0.0 0.0 
0.0 0.0 0.0 
848.0 9.19 7.84 
0.0 0.0 0.0 
0.0 0.0 0.0 
0.0 0.0 0.0 
461.0 7.2 13.67 
0.0 0.0 0.0 
851.0 8.6 0.0 
63.0 7.47 8.49 
0.0 0.0 0.0 
0.0 0.0 0.0 
435.0 7.49 4.39 
0.0 0.0 0.0 
0.0 0.0 0.0 
0.0 0.0 0.0 
0.0 0.0 0.0 
0.0 0.0 0.0 
0.0 0.0 0.0 
0.0 0.0 0.0 
848.0 28.94 9.76 
358.0 584.71 9.68 
0.0 0.0 0.0 
0.0 0.0 0.0 
0.0 0.0 0.0 
358.0 565.33 10.43 
0.0 0.0 0.0 
0.0 0.0 0.0 
0.0 0.0 0.0 
0.0 0.0 0.0 
0.0 0.0 0.0 
0.0 0.0 0.0 
851.0 0.79 1.29 
219.0 8.57 10.92 
0.0 0.0 0.0 
358.0 584.71 9.68 
150.0 9.0 9.19 
0.0 0.0 0.0 
0.0 0.0 0.0 
435.0 21.91 5.31 
0.0 0.0 0.0 
0.0 0.0 0.0 
560.0 33.01 3.01 
0.0 0.0 0.0 
0.0 0.0 0.0 
0.0 0.0 0.0 
0.0 0.0 0.0 
219.0 5.75 9.47 
0.0 0.0 0.0 
0.0 0.0 0.0 
0.0 0.0 0.0 
0.0 0.0 0.0 
0.0 0.0 0.0 
461.0 40.5 13.67 
0.0 0.0 0.0 
3.0 0.96 7.44 
0.0 0.0 0.0 
0.0 0.0 0.0 
0.0 0.0 0.0 
0.0 0.0 0.0 
0.0 0.0 0.0 
3.0 21.12 8.88 
0.0 0.0 0.0 
150.0 11.97 9.71 
0.0 0.0 0.0 
0.0 0.0 0.0 
0.0 0.0 0.0 
0.0 0.0 0.0 
0.0 0.0 0.0 
0.0 0.0 0.0 
0.0 0.0 0.0 
0.0 0.0 0.0 
461.0 40.5 13.67 
0.0 0.0 0.0 
0.0 0.0 0.0 
0.0 0.0 0.0 
560.0 45.06 4.26 
0.0 0.0 0.0 
0.0 0.0 0.0 
0.0 0.0 0.0 
0.0 0.0 0.0 
63.0 13.48 10.7 
0.0 0.0 0.0 
0.0 0.0 0.0 
0.0 0.0 0.0 
0.0 0.0 0.0 
0.0 0.0 0.0 
