0.0 0.0 0.0 
0.0 0.0 0.0 
0.0 0.0 0.0 
0.0 0.0 0.0 
0.0 0.0 0.0 
0.0 0.0 0.0 
0.0 0.0 0.0 
0.0 0.0 0.0 
0.0 0.0 0.0 
0.0 0.0 0.0 
0.0 0.0 0.0 
0.0 0.0 0.0 
0.0 0.0 0.0 
0.0 0.0 0.0 
0.0 0.0 0.0 
0.0 0.0 0.0 
0.0 0.0 0.0 
0.0 0.0 0.0 
461.0 20.9 13.7 
0.0 0.0 0.0 
0.0 0.0 0.0 
63.0 18.26 10.78 
0.0 0.0 0.0 
0.0 0.0 0.0 
181.0 19.99 12.26 
0.0 0.0 0.0 
0.0 0.0 0.0 
162.0 14.23 12.12 
0.0 0.0 0.0 
0.0 0.0 0.0 
0.0 0.0 0.0 
0.0 0.0 0.0 
0.0 0.0 0.0 
358.0 595.42 10.71 
0.0 0.0 0.0 
0.0 0.0 0.0 
162.0 11.27 11.31 
358.0 574.91 9.57 
0.0 0.0 0.0 
0.0 0.0 0.0 
0.0 0.0 0.0 
0.0 0.0 0.0 
0.0 0.0 0.0 
0.0 0.0 0.0 
0.0 0.0 0.0 
219.0 21.91 13.34 
0.0 0.0 0.0 
358.0 595.42 10.71 
150.0 20.05 11.05 
0.0 0.0 0.0 
0.0 0.0 0.0 
0.0 0.0 0.0 
761.0 0.17 2.76 
0.0 0.0 0.0 
560.0 36.54 3.53 
0.0 0.0 0.0 
0.0 0.0 0.0 
0.0 0.0 0.0 
761.0 9.7 4.71 
219.0 17.79 12.05 
0.0 0.0 0.0 
0.0 0.0 0.0 
0.0 0.0 0.0 
0.0 0.0 0.0 
0.0 0.0 0.0 
461.0 54.98 14.48 
181.0 4.42 6.2 
3.0 9.93 8.97 
0.0 0.0 0.0 
0.0 0.0 0.0 
0.0 0.0 0.0 
0.0 0.0 0.0 
0.0 0.0 0.0 
3.0 30.08 8.96 
460.0 24.07 11.84 
150.0 23.87 11.9 
0.0 0.0 0.0 
0.0 0.0 0.0 
0.0 0.0 0.0 
0.0 0.0 0.0 
0.0 0.0 0.0 
0.0 0.0 0.0 
0.0 0.0 0.0 
460.0 1.13 8.4 
461.0 54.98 14.48 
0.0 0.0 0.0 
0.0 0.0 0.0 
0.0 0.0 0.0 
560.0 51.55 6.49 
0.0 0.0 0.0 
0.0 0.0 0.0 
0.0 0.0 0.0 
0.0 0.0 0.0 
63.0 25.73 12.25 
0.0 0.0 0.0 
0.0 0.0 0.0 
0.0 0.0 0.0 
0.0 0.0 0.0 
0.0 0.0 0.0 
