334.0 3.31 9.62 
0.0 0.0 0.0 
0.0 0.0 0.0 
0.0 0.0 0.0 
0.0 0.0 0.0 
0.0 0.0 0.0 
0.0 0.0 0.0 
0.0 0.0 0.0 
0.0 0.0 0.0 
0.0 0.0 0.0 
0.0 0.0 0.0 
0.0 0.0 0.0 
0.0 0.0 0.0 
0.0 0.0 0.0 
0.0 0.0 0.0 
0.0 0.0 0.0 
0.0 0.0 0.0 
0.0 0.0 0.0 
0.0 0.0 0.0 
0.0 0.0 0.0 
0.0 0.0 0.0 
63.0 29.25 11.0 
0.0 0.0 0.0 
0.0 0.0 0.0 
181.0 32.61 12.62 
0.0 0.0 0.0 
0.0 0.0 0.0 
162.0 27.88 13.65 
0.0 0.0 0.0 
334.0 31.06 12.46 
848.0 30.42 11.78 
0.0 0.0 0.0 
848.0 7.28 8.45 
358.0 605.8 10.38 
0.0 0.0 0.0 
0.0 0.0 0.0 
162.0 24.4 13.13 
358.0 585.84 10.94 
0.0 0.0 0.0 
0.0 0.0 0.0 
0.0 0.0 0.0 
0.0 0.0 0.0 
0.0 0.0 0.0 
0.0 0.0 0.0 
0.0 0.0 0.0 
219.0 36.6 14.7 
0.0 0.0 0.0 
358.0 605.8 10.38 
150.0 26.6 6.55 
0.0 0.0 0.0 
0.0 0.0 0.0 
0.0 0.0 0.0 
0.0 0.0 0.0 
0.0 0.0 0.0 
0.0 0.0 0.0 
0.0 0.0 0.0 
0.0 0.0 0.0 
0.0 0.0 0.0 
0.0 0.0 0.0 
219.0 31.21 13.41 
0.0 0.0 0.0 
0.0 0.0 0.0 
0.0 0.0 0.0 
0.0 0.0 0.0 
0.0 0.0 0.0 
461.0 36.27 13.31 
181.0 12.92 8.5 
3.0 19.19 9.26 
0.0 0.0 0.0 
150.0 37.99 14.13 
0.0 0.0 0.0 
0.0 0.0 0.0 
0.0 0.0 0.0 
3.0 39.91 9.83 
460.0 36.64 12.58 
150.0 37.99 14.13 
0.0 0.0 0.0 
0.0 0.0 0.0 
0.0 0.0 0.0 
0.0 0.0 0.0 
0.0 0.0 0.0 
0.0 0.0 0.0 
0.0 0.0 0.0 
460.0 11.89 10.76 
461.0 30.1 9.2 
0.0 0.0 0.0 
0.0 0.0 0.0 
0.0 0.0 0.0 
0.0 0.0 0.0 
0.0 0.0 0.0 
0.0 0.0 0.0 
0.0 0.0 0.0 
0.0 0.0 0.0 
63.0 38.28 12.55 
0.0 0.0 0.0 
0.0 0.0 0.0 
0.0 0.0 0.0 
0.0 0.0 0.0 
0.0 0.0 0.0 
