334.0 28.27 13.33 
0.0 0.0 0.0 
0.0 0.0 0.0 
0.0 0.0 0.0 
0.0 0.0 0.0 
0.0 0.0 0.0 
0.0 0.0 0.0 
0.0 0.0 0.0 
0.0 0.0 0.0 
0.0 0.0 0.0 
0.0 0.0 0.0 
0.0 0.0 0.0 
0.0 0.0 0.0 
0.0 0.0 0.0 
867.0 1.64 16.44 
0.0 0.0 0.0 
0.0 0.0 0.0 
0.0 0.0 0.0 
0.0 0.0 0.0 
0.0 0.0 0.0 
0.0 0.0 0.0 
0.0 0.0 0.0 
0.0 0.0 0.0 
0.0 0.0 0.0 
181.0 59.38 13.42 
0.0 0.0 0.0 
0.0 0.0 0.0 
162.0 59.31 15.67 
0.0 0.0 0.0 
334.0 60.7 15.59 
0.0 0.0 0.0 
0.0 0.0 0.0 
867.0 28.63 16.92 
358.0 626.67 10.37 
0.0 0.0 0.0 
0.0 0.0 0.0 
162.0 51.35 13.27 
358.0 606.15 10.12 
0.0 0.0 0.0 
0.0 0.0 0.0 
0.0 0.0 0.0 
0.0 0.0 0.0 
0.0 0.0 0.0 
0.0 0.0 0.0 
0.0 0.0 0.0 
219.0 68.49 16.0 
0.0 0.0 0.0 
358.0 626.67 10.37 
150.0 44.43 9.57 
0.0 0.0 0.0 
0.0 0.0 0.0 
181.0 59.38 13.42 
0.0 0.0 0.0 
0.0 0.0 0.0 
334.0 60.7 15.59 
0.0 0.0 0.0 
0.0 0.0 0.0 
0.0 0.0 0.0 
0.0 0.0 0.0 
219.0 62.11 15.06 
0.0 0.0 0.0 
0.0 0.0 0.0 
0.0 0.0 0.0 
0.0 0.0 0.0 
0.0 0.0 0.0 
461.0 65.68 14.57 
181.0 36.03 12.36 
3.0 38.59 9.45 
0.0 0.0 0.0 
150.0 72.83 18.51 
0.0 0.0 0.0 
0.0 0.0 0.0 
0.0 0.0 0.0 
3.0 58.6 9.13 
460.0 62.84 13.44 
150.0 72.83 18.51 
0.0 0.0 0.0 
0.0 0.0 0.0 
0.0 0.0 0.0 
0.0 0.0 0.0 
0.0 0.0 0.0 
0.0 0.0 0.0 
0.0 0.0 0.0 
460.0 38.97 13.87 
461.0 53.36 12.73 
0.0 0.0 0.0 
0.0 0.0 0.0 
0.0 0.0 0.0 
0.0 0.0 0.0 
0.0 0.0 0.0 
0.0 0.0 0.0 
0.0 0.0 0.0 
460.0 62.84 13.44 
0.0 0.0 0.0 
0.0 0.0 0.0 
0.0 0.0 0.0 
0.0 0.0 0.0 
0.0 0.0 0.0 
0.0 0.0 0.0 
