334.0 43.96 15.68 
0.0 0.0 0.0 
0.0 0.0 0.0 
0.0 0.0 0.0 
0.0 0.0 0.0 
0.0 0.0 0.0 
0.0 0.0 0.0 
0.0 0.0 0.0 
0.0 0.0 0.0 
0.0 0.0 0.0 
0.0 0.0 0.0 
0.0 0.0 0.0 
0.0 0.0 0.0 
0.0 0.0 0.0 
0.0 0.0 0.0 
0.0 0.0 0.0 
0.0 0.0 0.0 
0.0 0.0 0.0 
0.0 0.0 0.0 
0.0 0.0 0.0 
0.0 0.0 0.0 
90.0 8.99 10.99 
0.0 0.0 0.0 
0.0 0.0 0.0 
181.0 71.97 12.59 
0.0 0.0 0.0 
868.0 0.2 8.87 
0.0 0.0 0.0 
0.0 0.0 0.0 
334.0 76.78 16.08 
0.0 0.0 0.0 
0.0 0.0 0.0 
0.0 0.0 0.0 
358.0 636.67 10.0 
0.0 0.0 0.0 
0.0 0.0 0.0 
0.0 0.0 0.0 
358.0 616.92 10.77 
0.0 0.0 0.0 
868.0 16.16 3.9 
0.0 0.0 0.0 
0.0 0.0 0.0 
0.0 0.0 0.0 
0.0 0.0 0.0 
0.0 0.0 0.0 
219.0 83.59 15.1 
0.0 0.0 0.0 
358.0 636.67 10.0 
150.0 55.36 10.93 
0.0 0.0 0.0 
0.0 0.0 0.0 
181.0 71.97 12.59 
0.0 0.0 0.0 
0.0 0.0 0.0 
334.0 76.78 16.08 
0.0 0.0 0.0 
0.0 0.0 0.0 
0.0 0.0 0.0 
0.0 0.0 0.0 
219.0 77.84 15.73 
0.0 0.0 0.0 
0.0 0.0 0.0 
0.0 0.0 0.0 
0.0 0.0 0.0 
0.0 0.0 0.0 
502.0 13.38 14.06 
181.0 49.48 13.45 
3.0 48.69 10.11 
0.0 0.0 0.0 
150.0 92.79 19.96 
0.0 0.0 0.0 
0.0 0.0 0.0 
0.0 0.0 0.0 
3.0 67.8 9.2 
460.0 24.79 11.92 
150.0 92.79 19.96 
0.0 0.0 0.0 
0.0 0.0 0.0 
0.0 0.0 0.0 
0.0 0.0 0.0 
0.0 0.0 0.0 
0.0 0.0 0.0 
0.0 0.0 0.0 
0.0 0.0 0.0 
502.0 1.41 14.4 
0.0 0.0 0.0 
0.0 0.0 0.0 
0.0 0.0 0.0 
0.0 0.0 0.0 
0.0 0.0 0.0 
0.0 0.0 0.0 
0.0 0.0 0.0 
460.0 53.09 14.12 
90.0 24.29 12.73 
0.0 0.0 0.0 
0.0 0.0 0.0 
0.0 0.0 0.0 
0.0 0.0 0.0 
0.0 0.0 0.0 
