334.0 61.24 17.28 
0.0 0.0 0.0 
0.0 0.0 0.0 
0.0 0.0 0.0 
0.0 0.0 0.0 
0.0 0.0 0.0 
0.0 0.0 0.0 
0.0 0.0 0.0 
0.0 0.0 0.0 
0.0 0.0 0.0 
0.0 0.0 0.0 
0.0 0.0 0.0 
0.0 0.0 0.0 
0.0 0.0 0.0 
872.0 0.35 17.19 
0.0 0.0 0.0 
0.0 0.0 0.0 
0.0 0.0 0.0 
387.0 0.97 14.87 
0.0 0.0 0.0 
281.0 16.25 6.82 
90.0 18.99 10.0 
0.0 0.0 0.0 
0.0 0.0 0.0 
181.0 85.72 13.74 
0.0 0.0 0.0 
0.0 0.0 0.0 
0.0 0.0 0.0 
0.0 0.0 0.0 
334.0 92.53 15.75 
0.0 0.0 0.0 
0.0 0.0 0.0 
872.0 26.03 16.39 
358.0 647.43 10.76 
0.0 0.0 0.0 
0.0 0.0 0.0 
0.0 0.0 0.0 
358.0 627.58 10.67 
0.0 0.0 0.0 
0.0 0.0 0.0 
0.0 0.0 0.0 
0.0 0.0 0.0 
0.0 0.0 0.0 
0.0 0.0 0.0 
281.0 0.82 7.23 
433.0 10.01 15.97 
0.0 0.0 0.0 
358.0 647.43 10.76 
150.0 68.28 12.91 
0.0 0.0 0.0 
0.0 0.0 0.0 
181.0 85.72 13.74 
0.0 0.0 0.0 
0.0 0.0 0.0 
334.0 92.53 15.75 
0.0 0.0 0.0 
0.0 0.0 0.0 
0.0 0.0 0.0 
0.0 0.0 0.0 
433.0 3.59 15.29 
0.0 0.0 0.0 
0.0 0.0 0.0 
0.0 0.0 0.0 
0.0 0.0 0.0 
0.0 0.0 0.0 
0.0 0.0 0.0 
181.0 62.83 13.35 
3.0 57.7 9.0 
0.0 0.0 0.0 
150.0 114.18 21.38 
0.0 0.0 0.0 
0.0 0.0 0.0 
0.0 0.0 0.0 
3.0 77.69 9.89 
0.0 0.0 0.0 
150.0 114.18 21.38 
0.0 0.0 0.0 
0.0 0.0 0.0 
0.0 0.0 0.0 
0.0 0.0 0.0 
0.0 0.0 0.0 
0.0 0.0 0.0 
0.0 0.0 0.0 
0.0 0.0 0.0 
387.0 32.76 14.57 
0.0 0.0 0.0 
0.0 0.0 0.0 
0.0 0.0 0.0 
334.0 92.53 15.75 
0.0 0.0 0.0 
0.0 0.0 0.0 
0.0 0.0 0.0 
0.0 0.0 0.0 
90.0 37.17 12.88 
0.0 0.0 0.0 
0.0 0.0 0.0 
0.0 0.0 0.0 
0.0 0.0 0.0 
0.0 0.0 0.0 
