0.0 0.0 0.0 
0.0 0.0 0.0 
0.0 0.0 0.0 
0.0 0.0 0.0 
0.0 0.0 0.0 
0.0 0.0 0.0 
0.0 0.0 0.0 
0.0 0.0 0.0 
0.0 0.0 0.0 
0.0 0.0 0.0 
0.0 0.0 0.0 
0.0 0.0 0.0 
0.0 0.0 0.0 
0.0 0.0 0.0 
872.0 17.87 17.52 
0.0 0.0 0.0 
0.0 0.0 0.0 
0.0 0.0 0.0 
387.0 14.82 13.85 
0.0 0.0 0.0 
281.0 23.04 6.8 
90.0 30.05 11.05 
0.0 0.0 0.0 
0.0 0.0 0.0 
181.0 99.26 13.55 
0.0 0.0 0.0 
0.0 0.0 0.0 
194.0 23.93 15.29 
0.0 0.0 0.0 
334.0 48.77 16.15 
0.0 0.0 0.0 
0.0 0.0 0.0 
872.0 43.34 17.31 
358.0 657.43 10.01 
0.0 0.0 0.0 
0.0 0.0 0.0 
194.0 9.96 13.22 
358.0 637.77 10.18 
0.0 0.0 0.0 
0.0 0.0 0.0 
0.0 0.0 0.0 
0.0 0.0 0.0 
0.0 0.0 0.0 
0.0 0.0 0.0 
281.0 8.0 7.18 
461.0 12.75 15.99 
0.0 0.0 0.0 
358.0 657.43 10.01 
150.0 83.1 14.82 
0.0 0.0 0.0 
0.0 0.0 0.0 
181.0 99.26 13.55 
0.0 0.0 0.0 
0.0 0.0 0.0 
334.0 78.78 17.53 
0.0 0.0 0.0 
0.0 0.0 0.0 
0.0 0.0 0.0 
0.0 0.0 0.0 
461.0 5.49 15.14 
0.0 0.0 0.0 
0.0 0.0 0.0 
0.0 0.0 0.0 
0.0 0.0 0.0 
0.0 0.0 0.0 
387.0 14.82 13.85 
181.0 76.31 13.48 
3.0 67.08 9.38 
0.0 0.0 0.0 
150.0 137.54 23.36 
0.0 0.0 0.0 
0.0 0.0 0.0 
0.0 0.0 0.0 
3.0 87.01 9.32 
534.0 28.07 10.83 
150.0 137.54 23.36 
0.0 0.0 0.0 
0.0 0.0 0.0 
0.0 0.0 0.0 
0.0 0.0 0.0 
0.0 0.0 0.0 
0.0 0.0 0.0 
0.0 0.0 0.0 
534.0 7.98 13.59 
387.0 46.64 13.88 
0.0 0.0 0.0 
0.0 0.0 0.0 
0.0 0.0 0.0 
334.0 78.78 17.53 
0.0 0.0 0.0 
0.0 0.0 0.0 
0.0 0.0 0.0 
0.0 0.0 0.0 
90.0 50.62 13.44 
0.0 0.0 0.0 
0.0 0.0 0.0 
0.0 0.0 0.0 
0.0 0.0 0.0 
0.0 0.0 0.0 
