0.0 0.0 0.0 
0.0 0.0 0.0 
0.0 0.0 0.0 
0.0 0.0 0.0 
0.0 0.0 0.0 
0.0 0.0 0.0 
0.0 0.0 0.0 
0.0 0.0 0.0 
0.0 0.0 0.0 
0.0 0.0 0.0 
0.0 0.0 0.0 
0.0 0.0 0.0 
0.0 0.0 0.0 
0.0 0.0 0.0 
0.0 0.0 0.0 
0.0 0.0 0.0 
0.0 0.0 0.0 
0.0 0.0 0.0 
387.0 29.17 14.35 
0.0 0.0 0.0 
281.0 28.77 5.72 
90.0 40.31 10.27 
0.0 0.0 0.0 
0.0 0.0 0.0 
181.0 112.36 13.1 
0.0 0.0 0.0 
0.0 0.0 0.0 
194.0 39.12 15.19 
0.0 0.0 0.0 
334.0 65.7 16.93 
0.0 0.0 0.0 
0.0 0.0 0.0 
0.0 0.0 0.0 
358.0 667.96 10.53 
0.0 0.0 0.0 
0.0 0.0 0.0 
194.0 23.1 13.13 
358.0 647.98 10.22 
0.0 0.0 0.0 
868.0 2.07 6.31 
0.0 0.0 0.0 
0.0 0.0 0.0 
0.0 0.0 0.0 
0.0 0.0 0.0 
281.0 13.98 5.99 
461.0 27.7 14.95 
0.0 0.0 0.0 
358.0 667.96 10.53 
0.0 0.0 0.0 
0.0 0.0 0.0 
0.0 0.0 0.0 
181.0 112.36 13.1 
868.0 15.43 3.87 
0.0 0.0 0.0 
334.0 94.97 16.19 
0.0 0.0 0.0 
0.0 0.0 0.0 
0.0 0.0 0.0 
0.0 0.0 0.0 
461.0 21.76 16.28 
0.0 0.0 0.0 
0.0 0.0 0.0 
0.0 0.0 0.0 
0.0 0.0 0.0 
0.0 0.0 0.0 
387.0 29.17 14.35 
181.0 89.47 13.16 
3.0 77.21 10.13 
0.0 0.0 0.0 
150.0 100.06 16.96 
0.0 0.0 0.0 
0.0 0.0 0.0 
0.0 0.0 0.0 
3.0 96.85 9.84 
0.0 0.0 0.0 
150.0 73.95 15.12 
0.0 0.0 0.0 
0.0 0.0 0.0 
0.0 0.0 0.0 
0.0 0.0 0.0 
0.0 0.0 0.0 
0.0 0.0 0.0 
0.0 0.0 0.0 
0.0 0.0 0.0 
387.0 61.21 14.57 
0.0 0.0 0.0 
0.0 0.0 0.0 
0.0 0.0 0.0 
334.0 94.97 16.19 
0.0 0.0 0.0 
0.0 0.0 0.0 
0.0 0.0 0.0 
0.0 0.0 0.0 
90.0 63.7 13.09 
0.0 0.0 0.0 
0.0 0.0 0.0 
0.0 0.0 0.0 
0.0 0.0 0.0 
0.0 0.0 0.0 
