381.0 24.64 0.68 
0.0 0.0 0.0 
0.0 0.0 0.0 
0.0 0.0 0.0 
0.0 0.0 0.0 
0.0 0.0 0.0 
0.0 0.0 0.0 
0.0 0.0 0.0 
0.0 0.0 0.0 
0.0 0.0 0.0 
0.0 0.0 0.0 
0.0 0.0 0.0 
0.0 0.0 0.0 
0.0 0.0 0.0 
897.0 18.81 16.42 
0.0 0.0 0.0 
0.0 0.0 0.0 
0.0 0.0 0.0 
0.0 0.0 0.0 
0.0 0.0 0.0 
281.0 59.61 5.96 
0.0 0.0 0.0 
0.0 0.0 0.0 
0.0 0.0 0.0 
181.0 177.32 12.85 
0.0 0.0 0.0 
0.0 0.0 0.0 
241.0 45.22 15.69 
0.0 0.0 0.0 
381.0 32.3 0.11 
0.0 0.0 0.0 
0.0 0.0 0.0 
897.0 35.63 11.85 
358.0 720.17 10.75 
0.0 0.0 0.0 
0.0 0.0 0.0 
241.0 19.4 13.35 
358.0 698.42 9.99 
0.0 0.0 0.0 
0.0 0.0 0.0 
0.0 0.0 0.0 
0.0 0.0 0.0 
0.0 0.0 0.0 
0.0 0.0 0.0 
281.0 44.55 6.18 
387.0 101.43 14.07 
0.0 0.0 0.0 
358.0 720.17 10.75 
0.0 0.0 0.0 
0.0 0.0 0.0 
0.0 0.0 0.0 
181.0 177.32 12.85 
0.0 0.0 0.0 
0.0 0.0 0.0 
381.0 32.3 0.11 
0.0 0.0 0.0 
0.0 0.0 0.0 
0.0 0.0 0.0 
0.0 0.0 0.0 
387.0 101.43 14.07 
0.0 0.0 0.0 
0.0 0.0 0.0 
0.0 0.0 0.0 
0.0 0.0 0.0 
0.0 0.0 0.0 
387.0 101.43 14.07 
181.0 156.22 13.31 
3.0 125.58 9.9 
0.0 0.0 0.0 
882.0 51.37 26.37 
0.0 0.0 0.0 
0.0 0.0 0.0 
0.0 0.0 0.0 
3.0 143.46 8.94 
577.0 61.51 17.1 
882.0 14.7 23.92 
0.0 0.0 0.0 
0.0 0.0 0.0 
0.0 0.0 0.0 
0.0 0.0 0.0 
0.0 0.0 0.0 
0.0 0.0 0.0 
0.0 0.0 0.0 
577.0 31.86 13.68 
387.0 10.59 15.35 
0.0 0.0 0.0 
0.0 0.0 0.0 
0.0 0.0 0.0 
381.0 32.3 0.11 
0.0 0.0 0.0 
0.0 0.0 0.0 
0.0 0.0 0.0 
0.0 0.0 0.0 
0.0 0.0 0.0 
0.0 0.0 0.0 
0.0 0.0 0.0 
0.0 0.0 0.0 
0.0 0.0 0.0 
281.0 59.61 5.96 
