381.0 24.75 0.11 
0.0 0.0 0.0 
0.0 0.0 0.0 
0.0 0.0 0.0 
0.0 0.0 0.0 
0.0 0.0 0.0 
0.0 0.0 0.0 
0.0 0.0 0.0 
0.0 0.0 0.0 
0.0 0.0 0.0 
0.0 0.0 0.0 
0.0 0.0 0.0 
0.0 0.0 0.0 
0.0 0.0 0.0 
897.0 31.49 12.67 
0.0 0.0 0.0 
0.0 0.0 0.0 
0.0 0.0 0.0 
0.0 0.0 0.0 
0.0 0.0 0.0 
281.0 65.84 6.22 
0.0 0.0 0.0 
0.0 0.0 0.0 
0.0 0.0 0.0 
181.0 141.67 12.42 
0.0 0.0 0.0 
0.0 0.0 0.0 
241.0 60.25 15.02 
0.0 0.0 0.0 
381.0 32.37 0.06 
0.0 0.0 0.0 
0.0 0.0 0.0 
897.0 42.99 7.35 
358.0 729.85 9.67 
0.0 0.0 0.0 
0.0 0.0 0.0 
241.0 33.32 13.92 
358.0 709.31 10.89 
0.0 0.0 0.0 
879.0 6.58 9.76 
0.0 0.0 0.0 
0.0 0.0 0.0 
0.0 0.0 0.0 
0.0 0.0 0.0 
281.0 50.78 6.23 
387.0 25.84 15.25 
0.0 0.0 0.0 
358.0 729.85 9.67 
0.0 0.0 0.0 
0.0 0.0 0.0 
0.0 0.0 0.0 
181.0 166.65 10.43 
879.0 44.85 15.29 
0.0 0.0 0.0 
381.0 32.37 0.06 
0.0 0.0 0.0 
0.0 0.0 0.0 
0.0 0.0 0.0 
0.0 0.0 0.0 
387.0 101.16 14.17 
0.0 0.0 0.0 
0.0 0.0 0.0 
0.0 0.0 0.0 
0.0 0.0 0.0 
0.0 0.0 0.0 
387.0 25.84 15.25 
0.0 0.0 0.0 
3.0 133.73 8.15 
0.0 0.0 0.0 
0.0 0.0 0.0 
0.0 0.0 0.0 
0.0 0.0 0.0 
0.0 0.0 0.0 
3.0 152.96 9.5 
577.0 81.14 19.62 
0.0 0.0 0.0 
0.0 0.0 0.0 
0.0 0.0 0.0 
0.0 0.0 0.0 
0.0 0.0 0.0 
0.0 0.0 0.0 
0.0 0.0 0.0 
0.0 0.0 0.0 
577.0 47.12 15.26 
0.0 0.0 0.0 
0.0 0.0 0.0 
0.0 0.0 0.0 
0.0 0.0 0.0 
381.0 32.37 0.06 
0.0 0.0 0.0 
0.0 0.0 0.0 
0.0 0.0 0.0 
577.0 81.14 19.62 
0.0 0.0 0.0 
0.0 0.0 0.0 
0.0 0.0 0.0 
0.0 0.0 0.0 
0.0 0.0 0.0 
281.0 65.84 6.22 
