381.0 24.86 0.01 
0.0 0.0 0.0 
0.0 0.0 0.0 
0.0 0.0 0.0 
0.0 0.0 0.0 
0.0 0.0 0.0 
0.0 0.0 0.0 
0.0 0.0 0.0 
0.0 0.0 0.0 
0.0 0.0 0.0 
0.0 0.0 0.0 
0.0 0.0 0.0 
0.0 0.0 0.0 
0.0 0.0 0.0 
897.0 45.14 5.15 
0.0 0.0 0.0 
0.0 0.0 0.0 
0.0 0.0 0.0 
438.0 23.32 14.77 
0.0 0.0 0.0 
281.0 78.26 6.17 
0.0 0.0 0.0 
0.0 0.0 0.0 
0.0 0.0 0.0 
181.0 163.21 9.51 
0.0 0.0 0.0 
0.0 0.0 0.0 
241.0 90.87 15.61 
0.0 0.0 0.0 
381.0 32.37 0.0 
897.0 46.06 0.22 
0.0 0.0 0.0 
897.0 46.06 0.22 
358.0 749.9 10.13 
0.0 0.0 0.0 
0.0 0.0 0.0 
241.0 59.65 13.11 
358.0 729.94 10.03 
0.0 0.0 0.0 
0.0 0.0 0.0 
0.0 0.0 0.0 
0.0 0.0 0.0 
0.0 0.0 0.0 
0.0 0.0 0.0 
281.0 63.51 6.07 
387.0 57.79 15.97 
0.0 0.0 0.0 
358.0 749.9 10.13 
343.0 19.36 0.0 
0.0 0.0 0.0 
0.0 0.0 0.0 
181.0 176.95 2.9 
0.0 0.0 0.0 
0.0 0.0 0.0 
381.0 32.37 0.0 
0.0 0.0 0.0 
0.0 0.0 0.0 
0.0 0.0 0.0 
0.0 0.0 0.0 
387.0 54.43 15.92 
0.0 0.0 0.0 
0.0 0.0 0.0 
0.0 0.0 0.0 
0.0 0.0 0.0 
0.0 0.0 0.0 
438.0 23.32 14.77 
0.0 0.0 0.0 
3.0 152.33 9.64 
0.0 0.0 0.0 
0.0 0.0 0.0 
0.0 0.0 0.0 
0.0 0.0 0.0 
0.0 0.0 0.0 
3.0 172.37 9.84 
577.0 23.79 11.16 
0.0 0.0 0.0 
0.0 0.0 0.0 
0.0 0.0 0.0 
0.0 0.0 0.0 
0.0 0.0 0.0 
0.0 0.0 0.0 
0.0 0.0 0.0 
0.0 0.0 0.0 
0.0 0.0 0.0 
438.0 51.67 14.58 
0.0 0.0 0.0 
343.0 11.79 4.07 
0.0 0.0 0.0 
381.0 32.37 0.0 
0.0 0.0 0.0 
0.0 0.0 0.0 
0.0 0.0 0.0 
577.0 83.55 19.51 
0.0 0.0 0.0 
0.0 0.0 0.0 
0.0 0.0 0.0 
0.0 0.0 0.0 
0.0 0.0 0.0 
281.0 78.26 6.17 
