381.0 24.87 0.0 
0.0 0.0 0.0 
0.0 0.0 0.0 
0.0 0.0 0.0 
0.0 0.0 0.0 
0.0 0.0 0.0 
0.0 0.0 0.0 
0.0 0.0 0.0 
0.0 0.0 0.0 
0.0 0.0 0.0 
0.0 0.0 0.0 
0.0 0.0 0.0 
0.0 0.0 0.0 
0.0 0.0 0.0 
897.0 46.1 0.0 
0.0 0.0 0.0 
0.0 0.0 0.0 
0.0 0.0 0.0 
0.0 0.0 0.0 
0.0 0.0 0.0 
0.0 0.0 0.0 
0.0 0.0 0.0 
0.0 0.0 0.0 
0.0 0.0 0.0 
275.0 18.5 13.3 
0.0 0.0 0.0 
0.0 0.0 0.0 
241.0 213.19 15.85 
0.0 0.0 0.0 
381.0 32.37 0.0 
897.0 46.1 0.0 
0.0 0.0 0.0 
897.0 46.1 0.0 
0.0 0.0 0.0 
0.0 0.0 0.0 
0.0 0.0 0.0 
241.0 169.82 13.88 
0.0 0.0 0.0 
0.0 0.0 0.0 
0.0 0.0 0.0 
0.0 0.0 0.0 
0.0 0.0 0.0 
0.0 0.0 0.0 
0.0 0.0 0.0 
0.0 0.0 0.0 
438.0 55.18 13.86 
0.0 0.0 0.0 
0.0 0.0 0.0 
343.0 19.36 0.0 
0.0 0.0 0.0 
0.0 0.0 0.0 
275.0 34.38 8.08 
0.0 0.0 0.0 
0.0 0.0 0.0 
381.0 32.37 0.0 
0.0 0.0 0.0 
0.0 0.0 0.0 
0.0 0.0 0.0 
0.0 0.0 0.0 
438.0 48.69 8.96 
0.0 0.0 0.0 
0.0 0.0 0.0 
0.0 0.0 0.0 
0.0 0.0 0.0 
0.0 0.0 0.0 
438.0 55.18 13.86 
0.0 0.0 0.0 
0.0 0.0 0.0 
0.0 0.0 0.0 
0.0 0.0 0.0 
0.0 0.0 0.0 
0.0 0.0 0.0 
0.0 0.0 0.0 
0.0 0.0 0.0 
159.0 75.17 15.42 
343.0 19.36 0.0 
0.0 0.0 0.0 
0.0 0.0 0.0 
0.0 0.0 0.0 
0.0 0.0 0.0 
0.0 0.0 0.0 
0.0 0.0 0.0 
716.0 25.46 8.61 
159.0 45.41 15.45 
0.0 0.0 0.0 
0.0 0.0 0.0 
343.0 11.86 0.0 
0.0 0.0 0.0 
381.0 32.37 0.0 
0.0 0.0 0.0 
0.0 0.0 0.0 
716.0 7.33 6.55 
0.0 0.0 0.0 
0.0 0.0 0.0 
0.0 0.0 0.0 
0.0 0.0 0.0 
0.0 0.0 0.0 
0.0 0.0 0.0 
0.0 0.0 0.0 
