381.0 24.87 0.0 
0.0 0.0 0.0 
0.0 0.0 0.0 
0.0 0.0 0.0 
0.0 0.0 0.0 
0.0 0.0 0.0 
0.0 0.0 0.0 
0.0 0.0 0.0 
0.0 0.0 0.0 
0.0 0.0 0.0 
0.0 0.0 0.0 
0.0 0.0 0.0 
0.0 0.0 0.0 
0.0 0.0 0.0 
897.0 46.1 0.0 
0.0 0.0 0.0 
0.0 0.0 0.0 
0.0 0.0 0.0 
0.0 0.0 0.0 
0.0 0.0 0.0 
0.0 0.0 0.0 
0.0 0.0 0.0 
0.0 0.0 0.0 
0.0 0.0 0.0 
432.0 89.07 13.64 
0.0 0.0 0.0 
930.0 29.15 16.11 
0.0 0.0 0.0 
0.0 0.0 0.0 
381.0 32.37 0.0 
897.0 46.1 0.0 
0.0 0.0 0.0 
897.0 46.1 0.0 
0.0 0.0 0.0 
0.0 0.0 0.0 
0.0 0.0 0.0 
0.0 0.0 0.0 
0.0 0.0 0.0 
0.0 0.0 0.0 
930.0 27.46 12.8 
0.0 0.0 0.0 
0.0 0.0 0.0 
0.0 0.0 0.0 
0.0 0.0 0.0 
0.0 0.0 0.0 
438.0 55.4 0.0 
0.0 0.0 0.0 
0.0 0.0 0.0 
343.0 4.36 0.0 
0.0 0.0 0.0 
0.0 0.0 0.0 
432.0 89.07 13.64 
0.0 0.0 0.0 
0.0 0.0 0.0 
381.0 32.37 0.0 
0.0 0.0 0.0 
0.0 0.0 0.0 
0.0 0.0 0.0 
0.0 0.0 0.0 
0.0 0.0 0.0 
0.0 0.0 0.0 
0.0 0.0 0.0 
0.0 0.0 0.0 
0.0 0.0 0.0 
0.0 0.0 0.0 
438.0 55.21 1.86 
432.0 3.6 6.04 
0.0 0.0 0.0 
0.0 0.0 0.0 
0.0 0.0 0.0 
0.0 0.0 0.0 
0.0 0.0 0.0 
0.0 0.0 0.0 
0.0 0.0 0.0 
159.0 8.2 13.62 
343.0 11.86 0.0 
0.0 0.0 0.0 
0.0 0.0 0.0 
0.0 0.0 0.0 
0.0 0.0 0.0 
0.0 0.0 0.0 
0.0 0.0 0.0 
716.0 43.45 6.86 
159.0 78.02 16.2 
0.0 0.0 0.0 
0.0 0.0 0.0 
0.0 0.0 0.0 
0.0 0.0 0.0 
381.0 32.37 0.0 
0.0 0.0 0.0 
0.0 0.0 0.0 
716.0 26.73 10.57 
159.0 78.02 16.2 
0.0 0.0 0.0 
0.0 0.0 0.0 
0.0 0.0 0.0 
0.0 0.0 0.0 
0.0 0.0 0.0 
0.0 0.0 0.0 
