0.0 0.0 0.0 
0.0 0.0 0.0 
0.0 0.0 0.0 
0.0 0.0 0.0 
0.0 0.0 0.0 
0.0 0.0 0.0 
0.0 0.0 0.0 
0.0 0.0 0.0 
0.0 0.0 0.0 
0.0 0.0 0.0 
0.0 0.0 0.0 
0.0 0.0 0.0 
0.0 0.0 0.0 
0.0 0.0 0.0 
0.0 0.0 0.0 
0.0 0.0 0.0 
0.0 0.0 0.0 
0.0 0.0 0.0 
0.0 0.0 0.0 
0.0 0.0 0.0 
0.0 0.0 0.0 
0.0 0.0 0.0 
0.0 0.0 0.0 
0.0 0.0 0.0 
588.0 19.59 8.27 
0.0 0.0 0.0 
0.0 0.0 0.0 
848.0 16.31 6.8 
0.0 0.0 0.0 
381.0 20.68 2.41 
894.0 17.17 7.0 
0.0 0.0 0.0 
0.0 0.0 0.0 
0.0 0.0 0.0 
0.0 0.0 0.0 
0.0 0.0 0.0 
848.0 15.0 6.4 
0.0 0.0 0.0 
0.0 0.0 0.0 
0.0 0.0 0.0 
0.0 0.0 0.0 
0.0 0.0 0.0 
0.0 0.0 0.0 
0.0 0.0 0.0 
0.0 0.0 0.0 
0.0 0.0 0.0 
0.0 0.0 0.0 
0.0 0.0 0.0 
0.0 0.0 0.0 
0.0 0.0 0.0 
0.0 0.0 0.0 
588.0 19.59 8.27 
0.0 0.0 0.0 
0.0 0.0 0.0 
381.0 32.45 3.9 
0.0 0.0 0.0 
0.0 0.0 0.0 
0.0 0.0 0.0 
894.0 19.46 7.93 
0.0 0.0 0.0 
0.0 0.0 0.0 
0.0 0.0 0.0 
0.0 0.0 0.0 
0.0 0.0 0.0 
0.0 0.0 0.0 
0.0 0.0 0.0 
588.0 2.51 5.23 
0.0 0.0 0.0 
0.0 0.0 0.0 
855.0 17.84 7.31 
0.0 0.0 0.0 
0.0 0.0 0.0 
0.0 0.0 0.0 
0.0 0.0 0.0 
551.0 1.17 5.21 
855.0 1.18 5.17 
0.0 0.0 0.0 
0.0 0.0 0.0 
0.0 0.0 0.0 
0.0 0.0 0.0 
0.0 0.0 0.0 
0.0 0.0 0.0 
760.0 35.12 0.0 
551.0 19.52 8.23 
0.0 0.0 0.0 
0.0 0.0 0.0 
855.0 17.84 7.31 
0.0 0.0 0.0 
381.0 32.45 3.9 
0.0 0.0 0.0 
0.0 0.0 0.0 
760.0 27.62 0.0 
551.0 19.52 8.23 
0.0 0.0 0.0 
0.0 0.0 0.0 
0.0 0.0 0.0 
0.0 0.0 0.0 
0.0 0.0 0.0 
0.0 0.0 0.0 
