0.0 0.0 0.0 
1.0 360.02 10.84 
181.0 4.53 8.23 
0.0 0.0 0.0 
181.0 114.79 14.74 
0.0 0.0 0.0 
0.0 0.0 0.0 
0.0 0.0 0.0 
219.0 10.71 6.95 
0.0 0.0 0.0 
0.0 0.0 0.0 
159.0 114.55 1.66 
0.0 0.0 0.0 
0.0 0.0 0.0 
159.0 114.78 0.24 
0.0 0.0 0.0 
0.0 0.0 0.0 
219.0 12.54 9.26 
0.0 0.0 0.0 
0.0 0.0 0.0 
121.0 15.29 0.0 
0.0 0.0 0.0 
0.0 0.0 0.0 
0.0 0.0 0.0 
121.0 7.79 0.0 
121.0 15.29 0.0 
1.0 683.77 11.96 
0.0 0.0 0.0 
0.0 0.0 0.0 
0.0 0.0 0.0 
0.0 0.0 0.0 
0.0 0.0 0.0 
159.0 114.55 1.66 
0.0 0.0 0.0 
0.0 0.0 0.0 
0.0 0.0 0.0 
0.0 0.0 0.0 
0.0 0.0 0.0 
0.0 0.0 0.0 
1.0 683.77 11.96 
0.0 0.0 0.0 
0.0 0.0 0.0 
0.0 0.0 0.0 
154.0 65.03 0.01 
0.0 0.0 0.0 
0.0 0.0 0.0 
0.0 0.0 0.0 
154.0 62.2 6.96 
0.0 0.0 0.0 
0.0 0.0 0.0 
0.0 0.0 0.0 
0.0 0.0 0.0 
1.0 683.77 11.96 
0.0 0.0 0.0 
0.0 0.0 0.0 
0.0 0.0 0.0 
0.0 0.0 0.0 
0.0 0.0 0.0 
1.0 683.77 11.96 
0.0 0.0 0.0 
0.0 0.0 0.0 
0.0 0.0 0.0 
0.0 0.0 0.0 
0.0 0.0 0.0 
0.0 0.0 0.0 
0.0 0.0 0.0 
0.0 0.0 0.0 
0.0 0.0 0.0 
0.0 0.0 0.0 
0.0 0.0 0.0 
0.0 0.0 0.0 
0.0 0.0 0.0 
0.0 0.0 0.0 
0.0 0.0 0.0 
0.0 0.0 0.0 
0.0 0.0 0.0 
0.0 0.0 0.0 
0.0 0.0 0.0 
0.0 0.0 0.0 
0.0 0.0 0.0 
0.0 0.0 0.0 
0.0 0.0 0.0 
0.0 0.0 0.0 
0.0 0.0 0.0 
0.0 0.0 0.0 
0.0 0.0 0.0 
0.0 0.0 0.0 
0.0 0.0 0.0 
0.0 0.0 0.0 
0.0 0.0 0.0 
0.0 0.0 0.0 
0.0 0.0 0.0 
0.0 0.0 0.0 
0.0 0.0 0.0 
0.0 0.0 0.0 
0.0 0.0 0.0 
0.0 0.0 0.0 
0.0 0.0 0.0 
0.0 0.0 0.0 
