0.0 0.0 0.0 
1.0 425.95 11.25 
0.0 0.0 0.0 
0.0 0.0 0.0 
0.0 0.0 0.0 
0.0 0.0 0.0 
7.0 17.39 5.98 
0.0 0.0 0.0 
219.0 73.68 8.67 
0.0 0.0 0.0 
0.0 0.0 0.0 
159.0 114.82 0.0 
0.0 0.0 0.0 
0.0 0.0 0.0 
159.0 114.82 0.0 
0.0 0.0 0.0 
0.0 0.0 0.0 
219.0 84.77 7.19 
0.0 0.0 0.0 
0.0 0.0 0.0 
121.0 15.29 0.0 
0.0 0.0 0.0 
0.0 0.0 0.0 
199.0 128.11 12.03 
121.0 7.79 0.0 
121.0 15.29 0.0 
1.0 756.13 12.16 
0.0 0.0 0.0 
199.0 51.69 12.63 
0.0 50.99 15.98 
0.0 0.0 0.0 
0.0 0.0 0.0 
159.0 114.82 0.0 
0.0 0.0 0.0 
0.0 0.0 0.0 
0.0 0.0 0.0 
0.0 0.0 0.0 
0.0 0.0 0.0 
0.0 0.0 0.0 
1.0 756.13 12.16 
232.0 44.73 12.09 
0.0 0.0 0.0 
0.0 0.0 0.0 
154.0 65.03 0.0 
0.0 0.0 0.0 
0.0 0.0 0.0 
0.0 0.0 0.0 
154.0 65.03 0.0 
0.0 0.0 0.0 
232.0 6.76 13.87 
0.0 0.0 0.0 
0.0 0.0 0.0 
1.0 756.13 12.16 
0.0 0.0 0.0 
0.0 101.53 16.5 
0.0 0.0 0.0 
0.0 0.0 0.0 
0.0 0.0 0.0 
1.0 756.13 12.16 
0.0 0.0 0.0 
0.0 0.0 0.0 
0.0 0.0 0.0 
0.0 0.0 0.0 
7.0 640.12 10.48 
0.0 0.0 0.0 
0.0 0.0 0.0 
0.0 0.0 0.0 
0.0 0.0 0.0 
0.0 0.0 0.0 
0.0 0.0 0.0 
0.0 0.0 0.0 
0.0 0.0 0.0 
0.0 0.0 0.0 
0.0 0.0 0.0 
0.0 0.0 0.0 
0.0 0.0 0.0 
0.0 0.0 0.0 
0.0 0.0 0.0 
0.0 0.0 0.0 
0.0 0.0 0.0 
0.0 0.0 0.0 
0.0 0.0 0.0 
0.0 0.0 0.0 
0.0 0.0 0.0 
0.0 0.0 0.0 
0.0 0.0 0.0 
0.0 0.0 0.0 
0.0 0.0 0.0 
0.0 0.0 0.0 
0.0 0.0 0.0 
0.0 0.0 0.0 
0.0 0.0 0.0 
0.0 0.0 0.0 
0.0 0.0 0.0 
0.0 0.0 0.0 
0.0 0.0 0.0 
0.0 0.0 0.0 
0.0 0.0 0.0 
0.0 0.0 0.0 
