0.0 0.0 0.0 
1.0 515.41 11.34 
0.0 0.0 0.0 
0.0 0.0 0.0 
0.0 0.0 0.0 
0.0 0.0 0.0 
7.0 101.28 11.15 
0.0 0.0 0.0 
219.0 88.54 0.0 
0.0 0.0 0.0 
0.0 0.0 0.0 
159.0 114.82 0.0 
0.0 0.0 0.0 
0.0 0.0 0.0 
159.0 114.82 0.0 
0.0 0.0 0.0 
45.0 50.9 9.41 
219.0 88.54 0.0 
0.0 0.0 0.0 
0.0 0.0 0.0 
121.0 15.29 0.0 
0.0 0.0 0.0 
0.0 0.0 0.0 
0.0 0.0 0.0 
121.0 7.79 0.0 
121.0 15.29 0.0 
1.0 853.16 12.18 
0.0 0.0 0.0 
0.0 0.0 0.0 
0.0 182.42 16.44 
0.0 0.0 0.0 
0.0 0.0 0.0 
159.0 114.82 0.0 
0.0 0.0 0.0 
0.0 238.03 16.7 
0.0 0.0 0.0 
0.0 0.0 0.0 
0.0 0.0 0.0 
0.0 0.0 0.0 
1.0 853.16 12.18 
0.0 0.0 0.0 
0.0 0.0 0.0 
0.0 0.0 0.0 
154.0 65.03 0.0 
0.0 0.0 0.0 
0.0 0.0 0.0 
0.0 0.0 0.0 
154.0 65.03 0.0 
0.0 0.0 0.0 
0.0 0.0 0.0 
0.0 0.0 0.0 
0.0 0.0 0.0 
1.0 853.16 12.18 
0.0 0.0 0.0 
0.0 238.03 16.7 
0.0 0.0 0.0 
0.0 0.0 0.0 
0.0 0.0 0.0 
1.0 853.16 12.18 
0.0 0.0 0.0 
0.0 0.0 0.0 
0.0 0.0 0.0 
0.0 0.0 0.0 
7.0 729.56 11.08 
0.0 0.0 0.0 
0.0 0.0 0.0 
0.0 0.0 0.0 
45.0 223.86 10.2 
0.0 0.0 0.0 
0.0 0.0 0.0 
0.0 0.0 0.0 
1.0 853.16 12.18 
0.0 0.0 0.0 
0.0 0.0 0.0 
0.0 0.0 0.0 
0.0 0.0 0.0 
0.0 0.0 0.0 
0.0 0.0 0.0 
0.0 0.0 0.0 
0.0 0.0 0.0 
0.0 0.0 0.0 
0.0 0.0 0.0 
0.0 0.0 0.0 
0.0 0.0 0.0 
0.0 0.0 0.0 
0.0 0.0 0.0 
0.0 0.0 0.0 
0.0 0.0 0.0 
0.0 0.0 0.0 
0.0 0.0 0.0 
0.0 0.0 0.0 
0.0 0.0 0.0 
0.0 0.0 0.0 
0.0 0.0 0.0 
0.0 0.0 0.0 
0.0 0.0 0.0 
0.0 0.0 0.0 
0.0 0.0 0.0 
0.0 0.0 0.0 
