0.0 0.0 0.0 
1.0 548.71 10.86 
275.0 32.74 9.55 
0.0 0.0 0.0 
275.0 39.69 0.0 
0.0 0.0 0.0 
7.0 133.08 10.53 
0.0 0.0 0.0 
219.0 88.54 0.0 
0.0 0.0 0.0 
0.0 0.0 0.0 
159.0 114.82 0.0 
0.0 0.0 0.0 
0.0 0.0 0.0 
159.0 114.82 0.0 
0.0 0.0 0.0 
45.0 79.63 9.53 
219.0 88.54 0.0 
0.0 0.0 0.0 
0.0 0.0 0.0 
121.0 15.29 0.0 
0.0 0.0 0.0 
0.0 0.0 0.0 
0.0 0.0 0.0 
121.0 7.79 0.0 
121.0 15.29 0.0 
1.0 889.12 11.5 
0.0 0.0 0.0 
0.0 0.0 0.0 
0.0 0.0 0.0 
0.0 0.0 0.0 
0.0 0.0 0.0 
159.0 114.82 0.0 
0.0 0.0 0.0 
0.0 232.54 16.66 
0.0 0.0 0.0 
0.0 0.0 0.0 
0.0 0.0 0.0 
0.0 0.0 0.0 
1.0 889.12 11.5 
0.0 0.0 0.0 
0.0 0.0 0.0 
0.0 0.0 0.0 
154.0 65.03 0.0 
0.0 0.0 0.0 
0.0 0.0 0.0 
0.0 0.0 0.0 
154.0 65.03 0.0 
0.0 0.0 0.0 
0.0 0.0 0.0 
0.0 0.0 0.0 
0.0 0.0 0.0 
1.0 889.12 11.5 
0.0 0.0 0.0 
0.0 143.31 17.18 
0.0 0.0 0.0 
0.0 0.0 0.0 
0.0 0.0 0.0 
1.0 889.12 11.5 
0.0 0.0 0.0 
0.0 0.0 0.0 
0.0 0.0 0.0 
0.0 0.0 0.0 
7.0 761.55 10.93 
56.0 1.83 2.29 
0.0 0.0 0.0 
56.0 45.08 12.89 
45.0 253.08 9.93 
0.0 0.0 0.0 
0.0 0.0 0.0 
0.0 0.0 0.0 
1.0 889.12 11.5 
0.0 0.0 0.0 
0.0 0.0 0.0 
0.0 0.0 0.0 
0.0 0.0 0.0 
0.0 0.0 0.0 
0.0 0.0 0.0 
0.0 0.0 0.0 
0.0 0.0 0.0 
0.0 0.0 0.0 
0.0 0.0 0.0 
0.0 0.0 0.0 
0.0 0.0 0.0 
0.0 0.0 0.0 
0.0 0.0 0.0 
0.0 0.0 0.0 
0.0 0.0 0.0 
0.0 0.0 0.0 
0.0 0.0 0.0 
0.0 0.0 0.0 
0.0 0.0 0.0 
0.0 0.0 0.0 
0.0 0.0 0.0 
0.0 0.0 0.0 
0.0 0.0 0.0 
0.0 0.0 0.0 
0.0 0.0 0.0 
0.0 0.0 0.0 
