50.0 34.74 10.62 
1.0 603.78 10.56 
275.0 39.69 0.0 
332.0 79.7 9.18 
275.0 39.69 0.0 
332.0 35.12 11.3 
0.0 0.0 0.0 
0.0 0.0 0.0 
219.0 88.54 0.0 
0.0 0.0 0.0 
0.0 0.0 0.0 
159.0 114.82 0.0 
0.0 0.0 0.0 
0.0 0.0 0.0 
159.0 114.82 0.0 
0.0 0.0 0.0 
0.0 0.0 0.0 
219.0 88.54 0.0 
0.0 0.0 0.0 
0.0 0.0 0.0 
121.0 15.29 0.0 
0.0 0.0 0.0 
0.0 0.0 0.0 
0.0 0.0 0.0 
121.0 7.79 0.0 
121.0 15.29 0.0 
1.0 947.92 11.55 
0.0 0.0 0.0 
0.0 0.0 0.0 
50.0 43.32 0.0 
0.0 0.0 0.0 
0.0 0.0 0.0 
159.0 114.82 0.0 
0.0 0.0 0.0 
0.0 0.0 0.0 
0.0 0.0 0.0 
0.0 0.0 0.0 
0.0 0.0 0.0 
0.0 0.0 0.0 
1.0 947.92 11.55 
0.0 0.0 0.0 
0.0 0.0 0.0 
359.0 35.34 11.85 
154.0 65.03 0.0 
0.0 0.0 0.0 
0.0 0.0 0.0 
0.0 0.0 0.0 
154.0 65.03 0.0 
359.0 77.51 12.53 
0.0 0.0 0.0 
0.0 0.0 0.0 
0.0 0.0 0.0 
1.0 947.92 11.55 
0.0 0.0 0.0 
0.0 0.0 0.0 
0.0 0.0 0.0 
0.0 0.0 0.0 
0.0 0.0 0.0 
1.0 947.92 11.55 
154.0 65.03 0.0 
0.0 0.0 0.0 
0.0 0.0 0.0 
0.0 0.0 0.0 
0.0 0.0 0.0 
0.0 0.0 0.0 
0.0 0.0 0.0 
0.0 0.0 0.0 
0.0 0.0 0.0 
0.0 0.0 0.0 
0.0 0.0 0.0 
0.0 0.0 0.0 
1.0 947.92 11.55 
0.0 0.0 0.0 
0.0 0.0 0.0 
0.0 0.0 0.0 
0.0 0.0 0.0 
0.0 0.0 0.0 
0.0 0.0 0.0 
0.0 0.0 0.0 
43.0 5.1 0.0 
0.0 0.0 0.0 
43.0 17.73 5.97 
0.0 0.0 0.0 
0.0 0.0 0.0 
0.0 0.0 0.0 
0.0 0.0 0.0 
0.0 0.0 0.0 
0.0 0.0 0.0 
0.0 0.0 0.0 
0.0 0.0 0.0 
0.0 0.0 0.0 
0.0 0.0 0.0 
0.0 0.0 0.0 
0.0 0.0 0.0 
0.0 0.0 0.0 
0.0 0.0 0.0 
0.0 0.0 0.0 
0.0 0.0 0.0 
0.0 0.0 0.0 
