50.0 43.31 0.02 
1.0 659.26 10.97 
275.0 39.69 0.0 
332.0 122.63 9.15 
275.0 39.69 0.0 
332.0 92.48 11.1 
0.0 0.0 0.0 
0.0 0.0 0.0 
219.0 88.54 0.0 
0.0 0.0 0.0 
0.0 0.0 0.0 
159.0 114.82 0.0 
0.0 0.0 0.0 
0.0 0.0 0.0 
159.0 114.82 0.0 
0.0 0.0 0.0 
0.0 0.0 0.0 
219.0 88.54 0.0 
0.0 0.0 0.0 
0.0 0.0 0.0 
121.0 15.29 0.0 
0.0 0.0 0.0 
121.0 15.29 0.0 
72.0 71.79 10.51 
121.0 7.79 0.0 
121.0 15.29 0.0 
1.0 1006.59 11.97 
0.0 0.0 0.0 
72.0 18.75 10.5 
50.0 35.61 2.38 
0.0 0.0 0.0 
0.0 0.0 0.0 
159.0 114.82 0.0 
0.0 0.0 0.0 
0.0 0.0 0.0 
0.0 0.0 0.0 
0.0 0.0 0.0 
0.0 0.0 0.0 
0.0 0.0 0.0 
1.0 1006.59 11.97 
0.0 0.0 0.0 
0.0 0.0 0.0 
0.0 0.0 0.0 
154.0 65.03 0.0 
0.0 0.0 0.0 
0.0 0.0 0.0 
0.0 0.0 0.0 
154.0 65.03 0.0 
0.0 0.0 0.0 
0.0 0.0 0.0 
0.0 0.0 0.0 
0.0 0.0 0.0 
1.0 1006.59 11.97 
0.0 0.0 0.0 
50.0 43.31 0.02 
0.0 0.0 0.0 
0.0 0.0 0.0 
0.0 0.0 0.0 
1.0 1006.59 11.97 
154.0 65.03 0.0 
0.0 0.0 0.0 
0.0 0.0 0.0 
0.0 0.0 0.0 
0.0 0.0 0.0 
51.0 1.34 5.48 
0.0 0.0 0.0 
51.0 62.12 14.84 
0.0 0.0 0.0 
0.0 0.0 0.0 
0.0 0.0 0.0 
0.0 0.0 0.0 
1.0 1006.59 11.97 
0.0 0.0 0.0 
0.0 0.0 0.0 
0.0 0.0 0.0 
0.0 0.0 0.0 
0.0 0.0 0.0 
0.0 0.0 0.0 
0.0 0.0 0.0 
43.0 32.61 9.44 
0.0 0.0 0.0 
43.0 68.37 10.72 
0.0 0.0 0.0 
0.0 0.0 0.0 
0.0 0.0 0.0 
0.0 0.0 0.0 
0.0 0.0 0.0 
0.0 0.0 0.0 
0.0 0.0 0.0 
0.0 0.0 0.0 
0.0 0.0 0.0 
0.0 0.0 0.0 
0.0 0.0 0.0 
0.0 0.0 0.0 
0.0 0.0 0.0 
0.0 0.0 0.0 
0.0 0.0 0.0 
0.0 0.0 0.0 
0.0 0.0 0.0 
