435.0 0.48 1.48 
1.0 693.15 11.63 
0.0 0.0 0.0 
332.0 149.58 9.06 
0.0 0.0 0.0 
332.0 126.16 10.41 
0.0 0.0 0.0 
0.0 0.0 0.0 
433.0 0.67 1.67 
0.0 0.0 0.0 
0.0 0.0 0.0 
430.0 1.2 2.2 
0.0 0.0 0.0 
0.0 0.0 0.0 
430.0 1.52 2.52 
0.0 0.0 0.0 
0.0 0.0 0.0 
433.0 0.7 1.7 
0.0 0.0 0.0 
0.0 0.0 0.0 
121.0 0.29 0.0 
0.0 0.0 0.0 
0.0 0.0 0.0 
0.0 0.0 0.0 
0.0 0.0 0.0 
121.0 7.79 0.0 
1.0 1042.59 12.44 
0.0 0.0 0.0 
0.0 0.0 0.0 
435.0 0.91 1.91 
0.0 0.0 0.0 
0.0 0.0 0.0 
0.0 0.0 0.0 
0.0 0.0 0.0 
0.0 0.0 0.0 
0.0 0.0 0.0 
0.0 0.0 0.0 
0.0 0.0 0.0 
0.0 0.0 0.0 
1.0 1042.59 12.44 
0.0 0.0 0.0 
0.0 0.0 0.0 
13.0 1.74 11.44 
0.0 0.0 0.0 
0.0 0.0 0.0 
0.0 0.0 0.0 
0.0 0.0 0.0 
0.0 0.0 0.0 
13.0 1.02 2.03 
0.0 0.0 0.0 
0.0 0.0 0.0 
0.0 0.0 0.0 
1.0 1042.59 12.44 
0.0 0.0 0.0 
0.0 0.0 0.0 
0.0 0.0 0.0 
0.0 0.0 0.0 
0.0 0.0 0.0 
1.0 1042.59 12.44 
0.0 0.0 0.0 
0.0 0.0 0.0 
0.0 0.0 0.0 
0.0 0.0 0.0 
0.0 0.0 0.0 
0.0 0.0 0.0 
0.0 0.0 0.0 
0.0 0.0 0.0 
0.0 0.0 0.0 
0.0 0.0 0.0 
0.0 0.0 0.0 
0.0 0.0 0.0 
1.0 1042.59 12.44 
0.0 0.0 0.0 
0.0 0.0 0.0 
0.0 0.0 0.0 
0.0 0.0 0.0 
0.0 0.0 0.0 
0.0 0.0 0.0 
0.0 0.0 0.0 
43.0 65.62 11.44 
0.0 0.0 0.0 
43.0 99.97 10.47 
0.0 0.0 0.0 
0.0 0.0 0.0 
0.0 0.0 0.0 
0.0 0.0 0.0 
0.0 0.0 0.0 
0.0 0.0 0.0 
0.0 0.0 0.0 
0.0 0.0 0.0 
0.0 0.0 0.0 
0.0 0.0 0.0 
0.0 0.0 0.0 
0.0 0.0 0.0 
0.0 0.0 0.0 
0.0 0.0 0.0 
0.0 0.0 0.0 
0.0 0.0 0.0 
0.0 0.0 0.0 
