435.0 3.46 2.98 
1.0 704.43 11.28 
0.0 0.0 0.0 
332.0 158.28 8.69 
0.0 0.0 0.0 
332.0 136.71 10.55 
0.0 0.0 0.0 
0.0 0.0 0.0 
433.0 3.9 3.23 
0.0 0.0 0.0 
0.0 0.0 0.0 
430.0 5.15 3.95 
0.0 0.0 0.0 
0.0 0.0 0.0 
430.0 5.7 4.17 
0.0 0.0 0.0 
0.0 0.0 0.0 
433.0 4.06 3.36 
0.0 0.0 0.0 
0.0 0.0 0.0 
121.0 0.29 0.0 
0.0 0.0 0.0 
0.0 0.0 0.0 
0.0 0.0 0.0 
0.0 0.0 0.0 
121.0 9.19 1.4 
1.0 1054.34 11.75 
0.0 0.0 0.0 
0.0 0.0 0.0 
435.0 5.4 4.5 
0.0 0.0 0.0 
0.0 0.0 0.0 
0.0 0.0 0.0 
0.0 0.0 0.0 
0.0 0.0 0.0 
0.0 0.0 0.0 
0.0 0.0 0.0 
0.0 0.0 0.0 
0.0 0.0 0.0 
1.0 1054.34 11.75 
0.0 0.0 0.0 
0.0 0.0 0.0 
13.0 12.76 11.02 
0.0 0.0 0.0 
0.0 0.0 0.0 
0.0 0.0 0.0 
0.0 0.0 0.0 
0.0 0.0 0.0 
13.0 4.89 3.88 
0.0 0.0 0.0 
0.0 0.0 0.0 
0.0 0.0 0.0 
1.0 1054.34 11.75 
0.0 0.0 0.0 
0.0 0.0 0.0 
0.0 0.0 0.0 
0.0 0.0 0.0 
0.0 0.0 0.0 
1.0 1054.34 11.75 
0.0 0.0 0.0 
0.0 0.0 0.0 
0.0 0.0 0.0 
0.0 0.0 0.0 
0.0 0.0 0.0 
0.0 0.0 0.0 
0.0 0.0 0.0 
0.0 0.0 0.0 
0.0 0.0 0.0 
0.0 0.0 0.0 
0.0 0.0 0.0 
0.0 0.0 0.0 
1.0 1054.34 11.75 
0.0 0.0 0.0 
0.0 0.0 0.0 
0.0 0.0 0.0 
0.0 0.0 0.0 
0.0 0.0 0.0 
0.0 0.0 0.0 
0.0 0.0 0.0 
43.0 76.32 10.7 
0.0 0.0 0.0 
43.0 110.11 10.14 
0.0 0.0 0.0 
0.0 0.0 0.0 
0.0 0.0 0.0 
0.0 0.0 0.0 
0.0 0.0 0.0 
0.0 0.0 0.0 
0.0 0.0 0.0 
0.0 0.0 0.0 
0.0 0.0 0.0 
0.0 0.0 0.0 
0.0 0.0 0.0 
0.0 0.0 0.0 
0.0 0.0 0.0 
0.0 0.0 0.0 
0.0 0.0 0.0 
0.0 0.0 0.0 
0.0 0.0 0.0 
