435.0 7.84 4.38 
1.0 714.88 10.45 
0.0 0.0 0.0 
332.0 166.99 8.72 
0.0 0.0 0.0 
332.0 146.37 9.66 
0.0 0.0 0.0 
0.0 0.0 0.0 
433.0 8.53 4.62 
0.0 0.0 0.0 
0.0 0.0 0.0 
430.0 11.51 6.36 
0.0 0.0 0.0 
0.0 0.0 0.0 
430.0 12.39 6.7 
0.0 0.0 0.0 
0.0 0.0 0.0 
433.0 10.0 5.94 
0.0 0.0 0.0 
0.0 0.0 0.0 
121.0 1.11 0.82 
0.0 0.0 0.0 
0.0 0.0 0.0 
0.0 0.0 0.0 
0.0 0.0 0.0 
121.0 12.38 3.18 
1.0 1066.81 12.47 
0.0 0.0 0.0 
0.0 0.0 0.0 
435.0 12.36 6.96 
0.0 0.0 0.0 
0.0 0.0 0.0 
0.0 0.0 0.0 
0.0 0.0 0.0 
0.0 0.0 0.0 
0.0 0.0 0.0 
0.0 0.0 0.0 
0.0 0.0 0.0 
0.0 0.0 0.0 
1.0 1066.81 12.47 
0.0 0.0 0.0 
0.0 0.0 0.0 
0.0 0.0 0.0 
0.0 0.0 0.0 
0.0 0.0 0.0 
0.0 0.0 0.0 
0.0 0.0 0.0 
0.0 0.0 0.0 
0.0 0.0 0.0 
0.0 0.0 0.0 
0.0 0.0 0.0 
0.0 0.0 0.0 
1.0 1066.81 12.47 
0.0 0.0 0.0 
0.0 0.0 0.0 
0.0 0.0 0.0 
0.0 0.0 0.0 
0.0 0.0 0.0 
1.0 1066.81 12.47 
0.0 0.0 0.0 
0.0 0.0 0.0 
0.0 0.0 0.0 
0.0 0.0 0.0 
0.0 0.0 0.0 
0.0 0.0 0.0 
0.0 0.0 0.0 
0.0 0.0 0.0 
0.0 0.0 0.0 
0.0 0.0 0.0 
0.0 0.0 0.0 
0.0 0.0 0.0 
1.0 1066.81 12.47 
0.0 0.0 0.0 
0.0 0.0 0.0 
0.0 0.0 0.0 
0.0 0.0 0.0 
0.0 0.0 0.0 
0.0 0.0 0.0 
0.0 0.0 0.0 
43.0 87.05 10.72 
0.0 0.0 0.0 
43.0 120.21 10.1 
0.0 0.0 0.0 
0.0 0.0 0.0 
0.0 0.0 0.0 
0.0 0.0 0.0 
0.0 0.0 0.0 
0.0 0.0 0.0 
0.0 0.0 0.0 
0.0 0.0 0.0 
0.0 0.0 0.0 
0.0 0.0 0.0 
0.0 0.0 0.0 
0.0 0.0 0.0 
0.0 0.0 0.0 
0.0 0.0 0.0 
0.0 0.0 0.0 
0.0 0.0 0.0 
0.0 0.0 0.0 
