435.0 14.26 6.42 
1.0 726.11 11.24 
0.0 0.0 0.0 
332.0 176.1 9.11 
0.0 0.0 0.0 
332.0 156.27 9.9 
0.0 0.0 0.0 
0.0 0.0 0.0 
461.0 1.8 6.52 
0.0 0.0 0.0 
0.0 0.0 0.0 
430.0 20.11 8.6 
0.0 0.0 0.0 
0.0 0.0 0.0 
430.0 21.08 8.69 
0.0 0.0 0.0 
0.0 0.0 0.0 
461.0 4.73 7.98 
0.0 0.0 0.0 
0.0 0.0 0.0 
0.0 0.0 0.0 
0.0 0.0 0.0 
0.0 0.0 0.0 
0.0 0.0 0.0 
0.0 0.0 0.0 
0.0 0.0 0.0 
1.0 1079.16 12.35 
0.0 0.0 0.0 
0.0 0.0 0.0 
435.0 21.12 8.76 
0.0 0.0 0.0 
0.0 0.0 0.0 
430.0 20.11 8.6 
0.0 0.0 0.0 
0.0 0.0 0.0 
0.0 0.0 0.0 
0.0 0.0 0.0 
0.0 0.0 0.0 
0.0 0.0 0.0 
1.0 1079.16 12.35 
0.0 0.0 0.0 
0.0 0.0 0.0 
19.0 19.6 11.16 
0.0 0.0 0.0 
0.0 0.0 0.0 
0.0 0.0 0.0 
0.0 0.0 0.0 
0.0 0.0 0.0 
19.0 3.89 8.75 
0.0 0.0 0.0 
0.0 0.0 0.0 
0.0 0.0 0.0 
1.0 1079.16 12.35 
0.0 0.0 0.0 
0.0 0.0 0.0 
0.0 0.0 0.0 
0.0 0.0 0.0 
0.0 0.0 0.0 
1.0 1079.16 12.35 
0.0 0.0 0.0 
0.0 0.0 0.0 
0.0 0.0 0.0 
0.0 0.0 0.0 
0.0 0.0 0.0 
0.0 0.0 0.0 
0.0 0.0 0.0 
0.0 0.0 0.0 
0.0 0.0 0.0 
0.0 0.0 0.0 
0.0 0.0 0.0 
0.0 0.0 0.0 
1.0 1079.16 12.35 
0.0 0.0 0.0 
0.0 0.0 0.0 
0.0 0.0 0.0 
0.0 0.0 0.0 
0.0 0.0 0.0 
0.0 0.0 0.0 
0.0 0.0 0.0 
43.0 97.46 10.41 
0.0 0.0 0.0 
43.0 130.84 10.63 
0.0 0.0 0.0 
0.0 0.0 0.0 
0.0 0.0 0.0 
0.0 0.0 0.0 
0.0 0.0 0.0 
0.0 0.0 0.0 
0.0 0.0 0.0 
0.0 0.0 0.0 
0.0 0.0 0.0 
0.0 0.0 0.0 
0.0 0.0 0.0 
0.0 0.0 0.0 
0.0 0.0 0.0 
0.0 0.0 0.0 
0.0 0.0 0.0 
0.0 0.0 0.0 
0.0 0.0 0.0 
