0.0 0.0 0.0 
1.0 737.53 11.42 
0.0 0.0 0.0 
332.0 181.13 5.03 
0.0 0.0 0.0 
332.0 165.36 9.09 
0.0 0.0 0.0 
0.0 0.0 0.0 
461.0 10.0 8.2 
0.0 0.0 0.0 
0.0 0.0 0.0 
472.0 7.31 10.36 
0.0 0.0 0.0 
0.0 0.0 0.0 
472.0 8.19 10.27 
0.0 0.0 0.0 
0.0 0.0 0.0 
461.0 14.89 10.15 
0.0 0.0 0.0 
0.0 0.0 0.0 
0.0 0.0 0.0 
0.0 0.0 0.0 
0.0 0.0 0.0 
0.0 0.0 0.0 
0.0 0.0 0.0 
0.0 0.0 0.0 
1.0 1091.58 12.42 
0.0 0.0 0.0 
0.0 0.0 0.0 
435.0 5.42 5.87 
0.0 0.0 0.0 
0.0 0.0 0.0 
0.0 0.0 0.0 
0.0 0.0 0.0 
0.0 0.0 0.0 
0.0 0.0 0.0 
0.0 0.0 0.0 
0.0 0.0 0.0 
0.0 0.0 0.0 
1.0 1091.58 12.42 
0.0 0.0 0.0 
0.0 0.0 0.0 
19.0 30.82 11.22 
0.0 0.0 0.0 
0.0 0.0 0.0 
0.0 0.0 0.0 
0.0 0.0 0.0 
0.0 0.0 0.0 
19.0 15.05 11.16 
0.0 0.0 0.0 
0.0 0.0 0.0 
0.0 0.0 0.0 
1.0 1091.58 12.42 
0.0 0.0 0.0 
435.0 18.2 3.94 
0.0 0.0 0.0 
0.0 0.0 0.0 
0.0 0.0 0.0 
1.0 1091.58 12.42 
0.0 0.0 0.0 
0.0 0.0 0.0 
0.0 0.0 0.0 
0.0 0.0 0.0 
0.0 0.0 0.0 
0.0 0.0 0.0 
0.0 0.0 0.0 
0.0 0.0 0.0 
0.0 0.0 0.0 
0.0 0.0 0.0 
0.0 0.0 0.0 
0.0 0.0 0.0 
1.0 1091.58 12.42 
0.0 0.0 0.0 
0.0 0.0 0.0 
0.0 0.0 0.0 
0.0 0.0 0.0 
0.0 0.0 0.0 
0.0 0.0 0.0 
0.0 0.0 0.0 
43.0 108.9 11.44 
0.0 0.0 0.0 
43.0 141.25 10.41 
0.0 0.0 0.0 
0.0 0.0 0.0 
0.0 0.0 0.0 
0.0 0.0 0.0 
0.0 0.0 0.0 
0.0 0.0 0.0 
0.0 0.0 0.0 
0.0 0.0 0.0 
0.0 0.0 0.0 
0.0 0.0 0.0 
0.0 0.0 0.0 
0.0 0.0 0.0 
0.0 0.0 0.0 
0.0 0.0 0.0 
0.0 0.0 0.0 
0.0 0.0 0.0 
0.0 0.0 0.0 
