181.0 9.09 8.48 
1.0 760.21 11.61 
0.0 0.0 0.0 
0.0 0.0 0.0 
0.0 0.0 0.0 
0.0 0.0 0.0 
0.0 0.0 0.0 
0.0 0.0 0.0 
461.0 31.27 11.32 
0.0 0.0 0.0 
0.0 0.0 0.0 
472.0 33.19 14.07 
0.0 0.0 0.0 
0.0 0.0 0.0 
472.0 35.84 14.94 
0.0 0.0 0.0 
0.0 0.0 0.0 
461.0 39.74 13.36 
0.0 0.0 0.0 
0.0 0.0 0.0 
0.0 0.0 0.0 
197.0 4.35 14.55 
0.0 0.0 0.0 
116.0 47.99 9.81 
0.0 0.0 0.0 
0.0 0.0 0.0 
1.0 1116.45 12.5 
460.0 9.55 10.52 
116.0 10.89 10.05 
181.0 37.52 15.59 
0.0 0.0 0.0 
0.0 0.0 0.0 
472.0 33.19 14.07 
197.0 33.76 13.83 
0.0 0.0 0.0 
0.0 0.0 0.0 
460.0 31.82 11.74 
0.0 0.0 0.0 
0.0 0.0 0.0 
1.0 1116.45 12.5 
0.0 0.0 0.0 
0.0 0.0 0.0 
0.0 0.0 0.0 
0.0 0.0 0.0 
0.0 0.0 0.0 
0.0 0.0 0.0 
0.0 0.0 0.0 
0.0 0.0 0.0 
0.0 0.0 0.0 
0.0 0.0 0.0 
0.0 0.0 0.0 
0.0 0.0 0.0 
1.0 1116.45 12.5 
0.0 0.0 0.0 
0.0 0.0 0.0 
0.0 0.0 0.0 
0.0 0.0 0.0 
0.0 0.0 0.0 
1.0 1116.45 12.5 
0.0 0.0 0.0 
0.0 0.0 0.0 
0.0 0.0 0.0 
0.0 0.0 0.0 
0.0 0.0 0.0 
0.0 0.0 0.0 
0.0 0.0 0.0 
0.0 0.0 0.0 
0.0 0.0 0.0 
0.0 0.0 0.0 
0.0 0.0 0.0 
0.0 0.0 0.0 
1.0 1116.45 12.5 
0.0 0.0 0.0 
0.0 0.0 0.0 
0.0 0.0 0.0 
0.0 0.0 0.0 
0.0 0.0 0.0 
0.0 0.0 0.0 
0.0 0.0 0.0 
43.0 130.98 11.07 
0.0 0.0 0.0 
43.0 161.77 10.27 
0.0 0.0 0.0 
0.0 0.0 0.0 
0.0 0.0 0.0 
0.0 0.0 0.0 
0.0 0.0 0.0 
0.0 0.0 0.0 
0.0 0.0 0.0 
0.0 0.0 0.0 
0.0 0.0 0.0 
0.0 0.0 0.0 
0.0 0.0 0.0 
0.0 0.0 0.0 
0.0 0.0 0.0 
0.0 0.0 0.0 
0.0 0.0 0.0 
0.0 0.0 0.0 
0.0 0.0 0.0 
