181.0 19.11 10.02 
1.0 770.73 10.52 
0.0 0.0 0.0 
0.0 0.0 0.0 
0.0 0.0 0.0 
0.0 0.0 0.0 
0.0 0.0 0.0 
0.0 0.0 0.0 
461.0 44.63 13.36 
0.0 0.0 0.0 
0.0 0.0 0.0 
472.0 48.78 15.59 
0.0 0.0 0.0 
6.0 8.45 9.92 
472.0 52.79 16.95 
0.0 0.0 0.0 
0.0 0.0 0.0 
461.0 54.31 14.56 
0.0 0.0 0.0 
0.0 0.0 0.0 
0.0 0.0 0.0 
197.0 20.73 16.39 
0.0 0.0 0.0 
116.0 57.33 9.34 
0.0 0.0 0.0 
0.0 0.0 0.0 
1.0 1128.73 12.28 
460.0 21.7 12.15 
116.0 21.78 10.88 
181.0 53.79 16.27 
0.0 0.0 0.0 
0.0 0.0 0.0 
472.0 48.78 15.59 
197.0 49.39 15.62 
0.0 0.0 0.0 
0.0 0.0 0.0 
460.0 43.63 11.82 
0.0 0.0 0.0 
0.0 0.0 0.0 
1.0 1128.73 12.28 
0.0 0.0 0.0 
0.0 0.0 0.0 
33.0 17.8 11.33 
0.0 0.0 0.0 
0.0 0.0 0.0 
0.0 0.0 0.0 
0.0 0.0 0.0 
0.0 0.0 0.0 
33.0 2.6 12.06 
0.0 0.0 0.0 
0.0 0.0 0.0 
0.0 0.0 0.0 
1.0 1128.73 12.28 
0.0 0.0 0.0 
0.0 0.0 0.0 
0.0 0.0 0.0 
0.0 0.0 0.0 
0.0 0.0 0.0 
1.0 1128.73 12.28 
0.0 0.0 0.0 
0.0 0.0 0.0 
6.0 113.69 5.4 
0.0 0.0 0.0 
0.0 0.0 0.0 
0.0 0.0 0.0 
0.0 0.0 0.0 
0.0 0.0 0.0 
0.0 0.0 0.0 
0.0 0.0 0.0 
0.0 0.0 0.0 
0.0 0.0 0.0 
1.0 1128.73 12.28 
0.0 0.0 0.0 
0.0 0.0 0.0 
0.0 0.0 0.0 
0.0 0.0 0.0 
241.0 5.1 0.0 
0.0 0.0 0.0 
0.0 0.0 0.0 
43.0 141.85 10.87 
0.0 0.0 0.0 
43.0 172.2 10.43 
0.0 0.0 0.0 
0.0 0.0 0.0 
0.0 0.0 0.0 
0.0 0.0 0.0 
0.0 0.0 0.0 
0.0 0.0 0.0 
0.0 0.0 0.0 
0.0 0.0 0.0 
0.0 0.0 0.0 
0.0 0.0 0.0 
0.0 0.0 0.0 
0.0 0.0 0.0 
0.0 0.0 0.0 
0.0 0.0 0.0 
0.0 0.0 0.0 
241.0 198.91 15.21 
0.0 0.0 0.0 
