181.0 30.8 11.69 
1.0 781.26 10.53 
0.0 0.0 0.0 
0.0 0.0 0.0 
0.0 0.0 0.0 
0.0 0.0 0.0 
0.0 0.0 0.0 
0.0 0.0 0.0 
0.0 0.0 0.0 
0.0 0.0 0.0 
0.0 0.0 0.0 
0.0 0.0 0.0 
0.0 0.0 0.0 
0.0 0.0 0.0 
0.0 0.0 0.0 
0.0 0.0 0.0 
0.0 0.0 0.0 
0.0 0.0 0.0 
0.0 0.0 0.0 
0.0 0.0 0.0 
0.0 0.0 0.0 
197.0 39.48 18.75 
0.0 0.0 0.0 
116.0 67.12 9.79 
0.0 0.0 0.0 
0.0 0.0 0.0 
1.0 1140.64 11.91 
460.0 33.75 12.05 
116.0 31.38 9.6 
181.0 69.51 15.72 
0.0 0.0 0.0 
0.0 0.0 0.0 
0.0 0.0 0.0 
197.0 66.79 17.4 
0.0 0.0 0.0 
0.0 0.0 0.0 
460.0 55.54 11.91 
0.0 0.0 0.0 
0.0 0.0 0.0 
1.0 1140.64 11.91 
0.0 0.0 0.0 
0.0 0.0 0.0 
0.0 0.0 0.0 
0.0 0.0 0.0 
0.0 0.0 0.0 
0.0 0.0 0.0 
0.0 0.0 0.0 
0.0 0.0 0.0 
0.0 0.0 0.0 
0.0 0.0 0.0 
0.0 0.0 0.0 
0.0 0.0 0.0 
1.0 1140.64 11.91 
0.0 0.0 0.0 
181.0 69.51 15.72 
0.0 0.0 0.0 
0.0 0.0 0.0 
0.0 0.0 0.0 
1.0 1140.64 11.91 
0.0 0.0 0.0 
0.0 0.0 0.0 
0.0 0.0 0.0 
0.0 0.0 0.0 
0.0 0.0 0.0 
0.0 0.0 0.0 
0.0 0.0 0.0 
0.0 0.0 0.0 
0.0 0.0 0.0 
0.0 0.0 0.0 
0.0 0.0 0.0 
0.0 0.0 0.0 
1.0 1140.64 11.91 
0.0 0.0 0.0 
0.0 0.0 0.0 
0.0 0.0 0.0 
0.0 0.0 0.0 
241.0 6.45 1.35 
462.0 0.9 3.14 
0.0 0.0 0.0 
43.0 152.2 10.35 
0.0 0.0 0.0 
43.0 182.26 10.06 
0.0 0.0 0.0 
0.0 0.0 0.0 
462.0 56.24 10.81 
0.0 0.0 0.0 
0.0 0.0 0.0 
0.0 0.0 0.0 
0.0 0.0 0.0 
0.0 0.0 0.0 
0.0 0.0 0.0 
0.0 0.0 0.0 
0.0 0.0 0.0 
0.0 0.0 0.0 
0.0 0.0 0.0 
0.0 0.0 0.0 
0.0 0.0 0.0 
241.0 213.72 14.81 
0.0 0.0 0.0 
