181.0 43.88 13.08 
1.0 792.22 10.96 
0.0 0.0 0.0 
497.0 20.72 9.1 
0.0 0.0 0.0 
497.0 2.27 6.14 
0.0 0.0 0.0 
0.0 0.0 0.0 
502.0 5.09 13.16 
0.0 0.0 0.0 
0.0 0.0 0.0 
517.0 2.74 16.73 
0.0 0.0 0.0 
0.0 0.0 0.0 
517.0 5.81 16.56 
0.0 0.0 0.0 
0.0 0.0 0.0 
502.0 15.46 13.6 
0.0 0.0 0.0 
0.0 0.0 0.0 
0.0 0.0 0.0 
197.0 59.89 20.41 
0.0 0.0 0.0 
0.0 0.0 0.0 
0.0 0.0 0.0 
0.0 0.0 0.0 
1.0 1152.37 11.73 
0.0 0.0 0.0 
0.0 0.0 0.0 
181.0 85.2 15.69 
0.0 0.0 0.0 
0.0 0.0 0.0 
0.0 0.0 0.0 
197.0 85.52 18.73 
0.0 0.0 0.0 
0.0 0.0 0.0 
0.0 0.0 0.0 
0.0 0.0 0.0 
0.0 0.0 0.0 
1.0 1152.37 11.73 
0.0 0.0 0.0 
0.0 0.0 0.0 
0.0 0.0 0.0 
0.0 0.0 0.0 
0.0 0.0 0.0 
0.0 0.0 0.0 
0.0 0.0 0.0 
0.0 0.0 0.0 
0.0 0.0 0.0 
0.0 0.0 0.0 
0.0 0.0 0.0 
0.0 0.0 0.0 
1.0 1152.37 11.73 
0.0 0.0 0.0 
181.0 85.2 15.69 
0.0 0.0 0.0 
0.0 0.0 0.0 
0.0 0.0 0.0 
1.0 1152.37 11.73 
0.0 0.0 0.0 
0.0 0.0 0.0 
0.0 0.0 0.0 
0.0 0.0 0.0 
0.0 0.0 0.0 
0.0 0.0 0.0 
0.0 0.0 0.0 
0.0 0.0 0.0 
0.0 0.0 0.0 
0.0 0.0 0.0 
0.0 0.0 0.0 
0.0 0.0 0.0 
1.0 1152.37 11.73 
0.0 0.0 0.0 
0.0 0.0 0.0 
0.0 0.0 0.0 
0.0 0.0 0.0 
0.0 0.0 0.0 
462.0 6.12 5.22 
0.0 0.0 0.0 
43.0 163.28 11.08 
0.0 0.0 0.0 
43.0 193.37 11.11 
0.0 0.0 0.0 
0.0 0.0 0.0 
462.0 67.74 11.5 
0.0 0.0 0.0 
0.0 0.0 0.0 
0.0 0.0 0.0 
0.0 0.0 0.0 
0.0 0.0 0.0 
0.0 0.0 0.0 
0.0 0.0 0.0 
0.0 0.0 0.0 
0.0 0.0 0.0 
0.0 0.0 0.0 
0.0 0.0 0.0 
0.0 0.0 0.0 
0.0 0.0 0.0 
0.0 0.0 0.0 
